Exponencial_v1
1.22576
0.326664
2.09375
1.40009
0.124182
0.0145184
0.110343
0.248961
2.98911
0.916104
0.0982642
0.443743
0.440191
1.02787
0.749825
1.42979
0.0462862
0.107514
0.910655
2.16347
2.55907
1.10817
0.571392
1.34924
0.481789
0.518651
0.143769
2.40645
0.0983236
0.43264
1.04766
2.05067
0.813642
0.0536056
0.451506
1.43366
0.732839
0.696824
0.191019
3.41054
1.57023
2.79162
0.861736
0.701624
0.398442
1.58984
5.52695
0.221677
2.83306
1.89832
0.827252
0.789637
0.108577
0.0643147
0.566204
0.102071
0.631611
0.0462454
0.0469441
3.15567
1.59345
0.214942
0.820587
1.4224
0.734366
1.05289
2.14056
0.312629
2.12565
0.678386
1.10981
0.789883
1.28139
1.23405
1.03119
1.47006
3.22568
2.46095
0.740999
0.646704
1.21742
0.437475
0.0251885
0.942342
0.143885
0.9631
0.315676
1.67973
1.85419
1.48196
0.284848
2.3318
0.235021
0.709666
0.713784
0.0100064
0.0374039
0.932921
3.16633
1.59574
0.298291
0.0071326
3.9384
0.731147
1.69253
0.0333676
1.19116
2.29659
0.130281
0.0166994
1.54186
3.89225
0.570546
3.39606
1.32124
3.60576
2.4605
1.45008
0.502533
3.09251
0.934386
0.129774
0.167366
1.7138
0.0915322
0.223878
0.398662
3.91743
0.55424
0.400281
0.100803
0.083328
0.263622
3.17558
0.590339
2.21022
0.382554
1.17028
1.53216
1.23811
0.902154
0.740033
0.0681453
0.379966
1.69737
0.231743
0.297565
0.158108
0.326819
1.28719
0.470261
0.477098
1.25845
1.31297
0.974545
0.322001
0.88984
0.228185
1.12385
0.257169
1.04569
2.89484
2.6412
1.36141
2.93669
0.41168
0.715913
0.44914
4.65705
0.122461
0.0867744
2.5724
0.0587007
0.787856
0.187018
1.62974
0.374894
1.02342
0.576167
1.99188
1.61049
1.04033
0.0780128
0.0378181
0.569207
3.54928
0.352459
0.312952
0.626495
1.10498
1.07924
0.642772
0.29748
0.554958
0.953679
0.0235705
1.24593
0.0866187
3.42707
0.553159
0.891337
0.954126
0.151469
0.0371491
0.845366
0.826581
0.0248822
0.29481
0.0711612
0.0501869
0.288423
1.05048
1.69517
0.272192
0.986708
1.06909
0.20762
7.42766
0.788769
0.688875
0.688658
0.00372567
0.57835
1.57527
3.60832
1.94635
0.416629
1.68162
0.873192
0.330309
0.162083
0.0368121
0.346021
2.1006
0.441265
4.73464
2.60667
0.933891
1.75685
1.67333
0.580667
1.00039
4.60893
0.410184
1.2602
0.516921
0.348224
0.00828394
0.729847
0.00712836
0.777225
1.78437
0.912309
0.6156
1.44266
5.44078
0.10227
0.289153
0.664597
2.3424
0.202658
0.946681
1.47679
1.39238
0.890808
0.382792
1.05849
0.026622
1.6231
1.61398
1.38878
1.44711
1.40066
0.712464
0.186634
0.902056
0.122259
1.49867
0.400881
0.06553
0.340201
1.47103
1.40107
5.30595
1.37701
0.852623
0.518016
0.318397
0.0615152
0.604333
1.15969
1.75737
3.94149
0.355112
0.729607
0.252901
0.465971
0.391754
0.430829
0.116212
0.109098
1.84508
0.370622
0.705052
1.35403
0.0424835
0.275258
0.142726
0.853764
0.426998
1.02372
0.656239
2.85122
1.89553
1.37883
2.73332
0.991711
0.519382
1.54054
1.67433
2.1925
1.09243
0.10269
0.280166
1.68518
0.607564
1.86942
0.612708
1.11131
0.110985
0.586804
0.313341
2.9177
0.530095
2.26007
3.60603
1.82999
0.00156982
0.465881
1.86666
0.793743
1.69719
0.075441
3.25149
2.22169
2.99586
0.413812
0.845765
0.0731097
0.717937
0.0815075
0.206096
1.38566
1.81671
1.40894
0.619816
0.449588
0.0191215
1.54181
0.136166
0.539648
0.119911
3.97579
0.274484
0.000672192
1.57562
1.60209
0.555937
1.60582
0.407123
1.53192
0.37587
3.5269
0.813162
1.75724
0.380985
0.189621
1.33036
1.01171
0.56021
1.53728
0.717882
0.00847372
3.68539
0.309577
1.09122
0.0383594
0.251543
0.241029
1.24748
0.207094
0.0500679
0.365868
1.08376
0.0487328
0.0374571
0.900881
4.7612
1.96395
0.295423
1.60775
0.0962529
0.780631
1.67809
0.0092971
0.142671
0.376937
0.534264
0.714526
0.466988
0.9196
0.781616
0.292137
3.02879
2.36018
3.7714
0.487777
0.957834
0.0549804
0.100633
3.19232
0.444064
1.39343
0.506981
1.18488
1.95124
0.22504
0.584435
0.271208
0.320328
0.590142
1.50823
0.133918
0.788794
2.56803
1.70459
0.181281
2.08051
0.999081
0.284598
0.613855
0.14023
0.0184304
0.562045
0.626526
0.876794
1.69669
0.0272045
2.52128
1.26565
1.1454
0.166127
0.509766
0.220151
0.640842
2.06982
0.49418
2.6566
0.970326
0.341448
0.608476
1.6692
1.99793
1.42325
1.26965
0.924396
0.0171915
0.590438
0.578354
0.421842
1.57429
1.65898
1.74741
0.699957
0.309059
0.916605
0.148608
0.956191
0.0376381
0.311041
0.688158
1.01161
0.0207481
0.423058
0.121757
1.21407
0.569698
0.568152
1.44355
0.42676
1.60107
1.45941
3.51156
2.86731
0.914709
2.10417
0.28608
3.65735
1.20583
0.353943
1.13567
0.426114
3.03174
0.827917
0.746175
2.13276
0.275298
0.861841
1.24605
1.36636
1.31038
2.40625
1.33033
3.73463
0.238752
0.109965
3.07645
0.606245
0.0752884
0.347832
0.0699685
0.21865
0.730316
1.06664
2.05892
0.851507
0.443669
1.47787
1.61908
0.022885
1.95653
1.66774
2.02542
2.09974
0.651554
0.658064
0.536749
3.88366
1.17257
2.207
2.31455
1.18151
1.46968
3.04203
0.192297
2.32208
1.69954
1.90212
0.188984
0.460226
0.587593
0.908153
0.378876
0.777798
1.67359
1.82363
0.477556
2.34417
0.286969
0.497212
0.914482
0.321268
0.578386
2.48622
3.73172
2.26476
2.73126
1.0057
4.79007
0.865105
0.121337
0.0832591
0.838588
0.341555
1.13837
0.221474
0.373739
0.290326
1.38654
2.83939
1.4002
0.765485
5.61359
0.852993
0.456064
1.32194
1.28798
0.520426
2.31692
0.442695
2.54208
2.20245
0.423128
0.139502
0.183152
1.53347
0.920337
0.692349
0.0253515
1.05831
2.32934
0.278833
0.789708
0.94978
0.525869
0.79519
0.0168434
0.274565
3.09957
1.84951
0.138257
1.20764
0.43286
0.184193
0.0857909
0.15954
2.55584
0.968855
0.0519923
0.58298
0.130796
0.558422
2.77678
4.39284
3.4686
0.172135
0.0790731
3.0123
1.117
4.38182
1.33914
0.927966
0.321954
0.306136
0.78086
0.563393
0.577923
1.32017
6.2605
0.280758
0.418572
1.30575
0.243539
0.212669
0.833104
1.65031
0.266747
0.0806238
0.351837
0.0500112
1.24149
1.8323
0.826092
0.616373
1.45854
1.14037
0.279205
0.922091
0.211323
0.966781
0.305068
0.0869993
1.62575
0.650051
2.06884
1.13192
0.221533
1.65475
2.59355
0.358133
1.44282
0.174594
0.535064
0.120525
0.463459
0.227657
1.15782
1.36251
2.45169
1.3468
0.251402
0.534433
1.53276
0.146987
0.280826
1.00356
0.216153
1.85134
0.457044
0.328914
0.439503
2.66959
0.0044929
1.20851
2.4593
8.18439
1.61433
0.93343
0.157774
1.40433
0.198605
0.0738183
0.641624
0.503941
0.0444203
1.39012
1.37705
2.21972
0.116271
0.144402
1.12933
0.580963
2.41876
0.317643
0.307483
0.474502
1.80723
0.532768
0.156409
0.674821
1.54434
0.419267
0.145515
1.76093
4.36133
4.20973
0.192773
1.43983
0.175608
0.39679
0.555287
0.565774
1.23581
0.408005
0.574626
1.63146
2.6092
0.662712
0.000156235
0.415658
3.9835
1.26877
1.33755
1.02759
0.666336
1.66068
1.10543
1.49058
0.121952
1.43194
0.385894
0.298204
0.073267
0.826373
0.101439
0.834905
0.105983
0.524185
2.31951
1.48757
2.09132
0.601123
1.17927
0.888376
3.06157
0.770529
1.37309
1.22919
1.29054
0.115605
2.16924
1.09967
1.0046
1.36325
0.560967
2.44392
2.19338
3.18074
1.96808
1.71014
0.637667
0.355878
1.09816
1.89227
1.47311
0.896843
4.02396
0.759785
0.167222
0.9041
0.429267
2.09577
0.91483
2.62924
0.255706
2.32733
1.02432
2.38279
4.57851
0.178476
0.157626
0.819031
0.34838
4.27154
0.236201
0.620117
0.481616
1.51716
2.71836
0.293528
2.02247
0.825194
0.0712153
0.693829
0.012518
0.539643
5.41766
1.21815
1.34861
0.162007
1.45779
0.193756
0.284188
1.38599
0.340451
2.1047
0.945024
0.124114
0.326011
1.35236
0.599974
0.0709722
0.383469
0.3769
1.41093
0.424546
1.40318
0.552241
0.912454
0.693937
1.00497
0.0357433
2.68503
0.309279
0.468977
2.70886
0.395338
0.165148
0.135002
1.11315
1.21783
1.29336
0.587073
0.296907
0.00741154
1.18245
2.00344
0.292044
2.19696
0.736726
0.49722
0.470612
0.771911
1.49862
2.28777
0.547497
0.665119
3.37312
0.0811038
1.33804
1.40651
3.08382
0.247087
0.466942
2.53659
0.0902417
0.487917
0.5867
0.883048
0.876512
0.305153
1.84471
0.00899052
0.0838897
2.43433
0.239294
1.91129
0.897768
1.34383
0.202779
1.42071
2.1255
0.629889
3.911
0.0891439
2.06683
0.51648
2.39304
0.650274
0.813831
3.63723
6.14779
2.3317
0.572637
2.00971
1.5023
1.49031
0.29258
0.240256
1.69312
2.04297
1.06651
3.28893
1.56736
0.632713
0.9574
0.33274
2.1267
0.170165
1.1197
0.146438
1.30559
0.730206
1.49074
0.908104
1.13035
0.161204
0.00722587
2.29608
2.36125
0.0638894
0.916612
1.23146
0.51058
2.41813
1.95385
1.19752
0.31156
0.718976
1.72354
1.01405
0.925168
1.16355
0.46712
3.45221
0.493759
0.897777
0.124164
0.806213
0.512553
0.120981
0.317927
0.89269
0.592136
0.788069
2.33557
0.637911
1.12969
0.957704
0.225383
0.543598
1.27141
0.52741
1.29588
0.249607
1.49008
0.685419
0.0915895
1.03566
1.22887
1.00125
2.28952
0.969521
0.599134
0.556811
0.0802702
1.67779
1.95203
0.123078
0.367659
0.259697
0.308687
1.64722
0.326887
2.10339
0.800486
0.420495
0.036216
0.0450038
1.27794
1.99351
0.465353
0.17703
1.74989
1.16958
0.128908
2.4015
0.988301
3.58908
2.33155
0.200698
0.952939
1.1095
0.943474
0.783338
1.31276
0.783902
1.55149
2.84969
0.245395
0.942134
1.42727
0.490474
1.69919
2.85596
0.0207115
0.892514
0.468507
0.71835
0.431927
2.02076
2.2757
1.09139
3.98899
1.01314
1.65813
1.78728
0.715346
0.110592
0.869341
0.796283
1.86591
2.24837
1.32088
4.51925
0.345342
0.410528
0.127996
1.05948
0.218324
1.09139
0.00843194
0.521272
1.59135
2.81842
0.466024
1.52852
0.746053
0.321704
0.428656
0.191168
0.282766
0.0429546
1.47786
1.0355
0.405655
0.0955912
0.122425
0.366146
0.945328
0.84962
0.0491327
2.34362
1.17127
0.835093
0.12456
0.109244
0.000174362
4.33492
1.21168
1.23887
0.988385
0.509289
0.690185
0.938398
2.24321
1.44056
0.559459
0.129914
0.236511
0.00794158
1.56383
1.39034
0.172226
0.124831
1.0819
1.57988
2.67396
0.444163
0.182868
1.07025
0.348942
0.24943
0.737281
0.795862
2.02897
3.6368
0.587436
3.45558
0.0431979
0.0464171
0.203253
0.734604
0.833167
0.128836
3.46812
0.313918
0.179842
0.306644
0.184922
0.979462
2.40605
0.042966
0.0110203
0.551109
0.672581
0.453878
0.320197
1.49918
1.89382
0.338359
0.230284
0.620427
0.750474
0.766899
1.23477
0.019824
0.528497
1.57839
0.436916
0.790591
0.740815
1.08684
1.8885
0.170904
2.50058
0.21439
1.73504
0.643
0.0199959
5.31598
0.45346
3.94109
0.537282
1.20977
0.0614774
2.39883
0.454056
0.665377
1.12917
0.0604632
0.372971
1.84324
1.35992
1.65466
0.576069
0.434556
1.56715
0.392239
0.645999
0.258365
4.66969
0.397546
0.275222
0.579893
0.488413
0.302992
0.199624
0.228062
0.0138881
0.212596
1.67931
1.72203
0.107842
1.40239
1.84061
2.41793
0.835718
0.0572523
1.11018
0.744346
0.681953
0.904718
0.447868
0.26224
2.16511
0.389089
0.550095
1.33103
0.624256
0.296309
0.365737
0.56571
1.78349
2.12095
1.21884
0.525788
0.311104
1.0461
5.43034
0.790705
3.002
0.0232488
1.05427
1.46766
1.6379
0.0115528
0.000785696
1.01744
0.509062
2.42298
0.65316
0.0429108
0.107258
2.13319
2.99106
3.72183
1.08278
0.799776
0.524238
0.0590916
0.0291408
0.456279
0.0307115
0.824508
0.99725
0.216502
1.02918
0.311019
0.948764
0.136349
0.456441
1.84484
0.5566
0.274716
0.297759
1.55161
0.22818
1.94315
0.814695
1.30797
3.65824
3.67689
0.248698
0.561548
0.10011
0.470083
0.672061
1.25446
0.432073
1.65981
0.0903513
0.0485465
0.494596
0.660952
0.678146
1.63673
0.303334
0.448894
0.00553404
1.38663
0.118212
0.647518
0.287896
0.454761
0.34777
0.702621
0.162924
0.928303
0.0128625
0.0276903
0.407265
0.0659725
0.826912
2.28659
0.00703258
1.2064
0.568524
0.759123
0.851169
2.50162
0.025764
0.314398
2.153
1.80392
0.949665
0.753442
0.558364
0.298217
1.14684
0.72018
0.226108
0.476491
2.33676
0.0591387
0.966675
0.15219
0.267193
5.57028
2.50889
0.545541
2.16139
0.367981
0.462255
1.10201
0.922483
0.193115
0.739324
0.885479
2.50493
0.015743
5.14974
0.136308
0.863982
0.640463
0.295707
0.345725
0.88538
2.57641
1.64943
2.14398
1.77294
1.74931
0.605207
0.598164
1.39709
1.34421
0.160955
0.162601
0.853741
4.84549
2.49914
1.8233
2.28857
0.812831
0.0596308
0.495317
2.01838
0.404826
1.3786
0.223515
0.88018
0.539504
0.791891
2.98365
0.951673
2.74849
1.56654
0.927715
0.804728
0.525898
1.55506
0.0401895
0.637612
0.0998554
0.938105
0.564676
0.0607715
0.835928
0.43128
1.07687
0.245099
0.652554
2.06089
0.223601
2.14885
0.903711
0.656064
0.56032
1.05063
0.467474
0.934738
0.160858
0.0749615
0.0609848
3.71031
0.574633
2.05325
4.82007
0.411428
1.97129
0.707361
2.80167
1.02132
1.38791
1.33754
0.849138
0.556174
1.03152
1.09249
1.00763
2.01519
0.0843826
2.24059
0.271374
1.11478
2.69199
0.536913
1.30082
3.99672
0.95942
0.38433
0.99677
1.15232
0.534335
1.24584
0.814018
1.78946
0.359882
0.270738
0.853197
0.993284
0.21134
2.52494
0.390773
1.63296
3.14296
0.465553
1.06563
1.72876
1.19894
0.2143
2.63891
1.35789
0.25474
1.69736
0.309395
0.265732
0.177191
3.10099
0.721974
0.0821751
0.530557
0.10039
0.896981
1.66721
0.855965
0.982133
1.5742
0.409238
0.0311873
1.20699
1.13313
1.58548
1.42577
0.504735
1.74426
0.138967
0.774324
0.410161
1.57773
2.2148
0.0955179
0.728572
5.80082
3.71844
0.305045
0.00724879
2.63648
1.79776
2.42602
0.614773
0.900653
0.297138
0.085438
0.193467
0.88718
0.133406
0.403004
0.483776
1.32553
1.15017
0.274462
1.35055
0.331271
0.743927
0.262868
0.890954
1.03545
2.07795
0.366185
0.958746
5.81344
1.443
0.783082
0.274673
1.08349
0.248859
0.230373
0.108085
0.0683997
2.09589
0.862542
0.000627202
0.198496
0.993957
1.62966
0.478678
2.45958
0.599111
0.721051
0.256684
1.65854
0.509837
1.46525
1.88669
3.63047
4.14026
0.0595916
0.0301083
1.3211
0.231181
0.701499
1.77087
1.19318
1.4632
3.96727
1.07322
0.085535
3.23602
1.05803
0.815373
0.370656
0.020608
0.331116
0.133562
1.40505
0.453896
6.51575
0.182566
0.273603
0.242899
1.24043
0.69214
0.534899
0.757534
1.24191
0.671801
0.0824394
2.0192
0.588888
0.625097
0.626079
0.502865
0.276253
0.535873
3.68785
0.432877
0.265495
3.71526
1.66452
0.235411
0.282859
0.863711
0.102827
1.26868
0.485005
2.26074
0.222926
0.46474
0.191725
0.823467
0.637449
0.73836
1.71532
4.00676
2.21689
0.0825192
0.362967
1.46831
0.217969
1.77754
1.07097
3.48206
0.890651
3.46267
1.1317
1.90071
0.0470899
1.0081
0.568495
0.816636
3.34433
0.635153
1.01112
0.127813
0.803487
0.0524415
1.89609
1.52405
0.820872
1.01966
0.306478
1.31186
0.0380816
0.275173
1.06331
0.0117557
0.517935
0.472871
0.706689
0.579541
0.808599
0.291989
0.0192271
0.716494
0.284099
0.0234427
0.497458
0.644063
1.58269
0.311076
0.124641
1.59502
0.0949353
0.763786
0.255225
2.18373
1.05372
0.132817
1.20061
0.404433
0.560795
0.493152
0.263635
1.28825
1.64615
1.13547
0.69442
0.0563923
2.16876
0.612606
0.88335
1.57761
1.67722
4.25565
0.0310567
0.934469
0.976117
1.28289
0.407554
2.14349
0.839431
0.359752
0.00355943
3.11928
0.580344
0.357017
1.08525
0.455442
1.67003
0.763199
0.791406
0.6975
0.232456
0.240589
2.03387
0.274432
1.4348
0.0275234
3.47343
3.67239
0.171438
0.123029
0.879346
0.551346
0.832551
0.795186
0.092479
0.527853
1.81424
0.0865244
0.638664
0.925356
0.780776
0.112595
2.30902
0.573305
2.16163
0.00522997
2.93623
0.808728
0.979339
1.06443
2.51557
1.00081
0.190743
0.74711
0.688796
1.56844
0.96129
1.43337
1.10742
0.583486
1.67924
1.09379
1.30242
0.0429043
1.16452
0.069056
2.19811
0.178914
0.427058
1.57208
0.0835194
1.70262
0.250839
0.827133
1.60582
0.254838
1.15619
0.88716
0.731003
0.212555
0.0297055
1.51157
0.298647
0.031453
0.0359953
1.34392
1.62055
0.688019
8.0302
0.447266
2.46778
0.353011
0.624989
0.893433
0.929425
0.99289
0.831877
0.153722
1.12168
0.0142933
1.24842
2.42511
0.403327
0.360204
1.49869
0.423378
6.55284
2.17501
0.318281
2.30169
1.11219
0.519801
0.415107
1.88557
0.0494511
0.61833
1.35798
0.989777
0.374573
0.804117
0.0514917
2.54194
0.18581
1.57319
3.12413
3.6591
0.923295
1.60464
0.977738
0.598235
0.0541474
0.53379
1.79703
0.0884039
1.02444
0.560316
0.16667
0.957821
1.38407
1.76184
0.0390709
0.188625
2.58366
0.228363
0.750115
1.00232
0.110007
0.279364
2.85981
0.575946
0.283408
0.0280725
0.972211
0.436823
0.884001
0.853419
1.0289
0.695742
2.87115
0.0766434
0.138389
1.0896
1.51407
1.33826
0.580465
1.42489
0.101075
1.36197
3.86647
2.32328
1.95518
0.124669
0.712136
1.93587
0.917675
3.10038
2.22883
0.769933
0.090782
2.61239
1.29208
0.424622
1.30811
0.39417
0.313053
0.316865
0.23814
1.28495
0.801765
0.940793
1.3254
0.708316
0.163187
3.30983
0.137523
1.88258
0.697571
2.59249
0.593548
0.183564
0.52356
0.655866
3.51689
2.67482
0.383773
1.02312
1.59999
0.894691
0.457266
1.63524
4.64059
0.403241
2.27041
0.804458
1.05936
0.0674625
0.0522498
1.78439
0.175814
0.530704
0.114615
1.22894
0.00127234
0.442551
0.233072
0.789732
0.477128
0.247305
1.39413
0.466395
1.29698
1.73233
0.241615
0.250428
3.75496
0.107977
0.088112
1.67913
0.328306
0.144955
0.227229
1.02085
0.655615
1.87407
0.362492
0.0550838
1.78537
0.675974
0.51506
0.415916
0.56425
0.326927
1.54241
4.02118
0.303889
0.848151
0.688407
1.04241
1.80142
0.959584
0.527622
5.86315
0.152816
0.547496
0.94779
1.00463
0.271303
2.09673
0.513911
0.738737
0.35979
2.03049
0.101467
0.197796
2.8112
1.81703
1.28079
0.0488436
0.0814543
0.325358
0.807578
0.782451
2.17527
0.24031
0.57153
0.596592
1.94247
3.35073
0.404127
0.43794
0.820421
0.443414
1.25825
0.0450798
2.05148
0.394826
3.62533
0.0386835
0.593614
1.38969
0.184215
0.808546
5.68455
1.05834
3.3025
1.37739
0.525329
0.41304
1.78774
0.936649
0.336817
0.724813
0.722373
1.73647
0.397845
0.00937685
3.95324
0.824675
0.063954
0.220494
1.32146
0.306923
0.038605
2.06138
0.162644
0.00626827
1.47825
1.63757
0.46733
1.1377
2.38743
0.732163
0.895169
1.37868
0.396587
0.811228
0.364641
0.523349
1.59205
0.732251
5.22575
0.85097
1.64366
3.53683
0.236708
1.40027
0.049741
0.327063
0.43089
0.855931
2.16295
0.543255
0.112215
1.20811
0.204091
0.0899206
0.684018
0.496427
0.678802
2.6233
1.6059
0.416245
0.0631782
0.575493
0.777269
0.260748
1.88356
1.66841
4.41493
1.30418
0.00204829
2.2278
1.3338
1.2354
0.618485
1.37841
0.802003
0.685042
0.687578
0.690677
3.06204
0.849413
0.793944
1.52628
1.51113
1.23902
3.19685
0.929288
1.14166
0.942805
0.407658
0.580259
2.00956
1.85307
1.35779
1.26363
1.07895
0.352427
0.553858
0.111605
0.341145
1.83722
0.241606
6.93467
0.95875
3.47535
2.92098
0.377386
0.266411
2.73419
1.08831
0.703485
1.4681
0.111166
2.89711
1.63155
0.118768
0.612412
0.460353
1.40315
0.831935
0.130165
1.75267
0.510889
0.380066
0.88332
0.500835
1.8342
1.96321
0.521675
0.606288
0.0562269
0.580691
1.45727
2.86973
0.181738
0.00813164
0.18558
0.0724684
0.422254
0.778193
4.11669
2.27226
1.12209
1.14658
0.377472
0.458394
0.36713
0.75324
0.257279
2.54819
0.258999
3.42889
1.15329
0.127338
1.39284
0.675657
0.471575
1.27091
0.34216
0.502778
0.097553
0.241008
0.521717
2.12429
0.499013
0.821362
1.35279
3.12362
0.293806
0.630896
1.89891
0.985916
1.35953
0.365064
0.363062
0.186878
0.292203
0.0197872
2.06932
0.343606
0.370701
1.14903
0.112621
0.0875691
0.271363
0.0663028
1.87155
4.53538
0.749995
0.595133
5.59531
0.941594
0.330146
0.68177
0.020229
0.460566
0.51401
0.182794
1.04106
0.269542
1.28616
1.81444
0.265656
1.75434
0.517479
0.048787
0.376703
2.69825
2.43533
1.09222
1.52928
1.00534
0.982476
0.513461
1.12926
1.20217
1.70108
0.092278
0.0182732
0.206821
1.90374
0.464088
0.865674
1.56834
1.19145
2.40913
1.45775
0.0139012
0.468474
0.73739
0.411164
0.990808
1.66752
0.397261
0.131089
1.67991
0.186204
2.9096
0.479652
0.224755
0.87841
5.81046
0.850618
0.539118
0.916853
3.48281
0.906287
3.8771
4.43119
1.49663
2.01505
2.91126
1.10676
2.03033
1.0119
0.950056
0.0132203
0.319484
1.97908
1.89427
1.486
2.705
2.9574
1.39504
1.19667
0.149126
3.15765
1.3546
0.183557
0.212272
2.35142
0.133047
1.48497
0.289145
0.275392
0.94783
0.32708
0.10704
1.32655
0.303432
0.607795
0.640033
0.539393
0.0161486
1.64878
0.000854466
0.151357
1.12271
0.0554337
0.462392
0.837244
0.244089
0.936133
1.91129
0.138821
0.709307
0.146223
1.04717
0.215286
0.117082
2.20658
0.235312
0.145623
1.58401
0.862693
0.403841
0.163372
0.208292
0.149281
0.957193
0.897312
0.666783
2.52161
1.11825
0.566872
0.855532
0.57237
0.348677
0.275146
0.100792
0.0590828
0.215085
0.344707
0.386403
2.2475
0.674252
0.155674
0.0903162
0.161077
0.410345
4.94921
1.63939
0.692567
0.484853
0.350353
2.39346
1.38187
0.783074
0.0667078
0.610549
2.92526
0.860465
0.164084
0.964034
0.546922
1.40926
0.800845
1.34066
2.19303
1.38473
1.40845
0.128122
0.961359
1.328
2.98338
0.922389
0.250095
0.979547
0.853383
1.67462
0.0425631
0.164714
0.352094
0.978112
0.105307
2.05487
0.797703
0.265001
0.071879
0.223026
0.219726
0.674392
0.576217
1.54375
0.422112
0.0400416
0.783077
0.229624
0.193746
0.112083
0.372464
0.19186
0.257548
2.44651
0.122614
0.0450759
0.203918
0.177411
0.56182
2.85513
0.623835
0.0304934
1.36595
0.259748
0.575967
1.92572
0.694632
4.52144
0.494233
2.33705
0.204974
0.249643
0.0472654
1.59623
0.266404
1.04084
0.631395
0.44983
0.221348
0.851623
2.0879
1.6303
1.43264
0.460739
0.00582113
1.69634
1.5425
0.0722863
1.31452
0.293888
0.354345
1.12333
0.747679
0.217386
0.364405
0.98569
1.46395
0.111672
1.29248
0.175659
0.248617
0.307844
0.195768
1.51605
0.30347
1.25706
0.094916
0.882273
3.33666
0.644993
0.0768427
1.08099
0.0764354
2.02226
2.19348
2.37604
1.65838
5.48994
4.50029
1.56417
3.65381
0.221772
0.385211
1.00541
0.617455
3.50608
0.252524
3.11842
0.222692
0.719387
0.0564529
2.23291
0.289137
0.262315
0.892711
0.922555
0.117326
1.28393
0.679453
0.82613
0.401625
0.912927
0.0445497
0.797331
0.253695
1.22595
0.298009
2.83096
0.112935
0.130245
0.448428
0.277409
3.35834
0.00428395
1.1556
0.194646
0.785743
0.823092
1.99567
0.521933
0.451817
0.858756
3.17215
0.260291
0.196987
0.600894
0.211332
1.68403
0.419961
0.416884
0.390319
1.06739
1.20062
0.80694
0.00760087
0.0992375
0.122777
0.236546
1.15363
0.481074
2.78896
0.0545623
0.182463
0.0257285
2.38755
1.16483
0.267885
0.0324391
1.71892
1.44201
1.9287
0.237543
2.13136
0.567121
0.403022
2.27269
0.216609
0.408588
2.10656
0.617539
0.124362
1.31341
0.0346006
0.996433
0.979865
2.05323
0.246221
2.34541
0.21481
1.13427
0.46434
0.102659
3.5724
0.00271421
0.544889
0.40552
0.271644
0.509125
0.555943
0.666038
0.689305
0.396619
0.525605
3.08263
0.324845
0.288831
1.02877
1.31487
0.764337
0.104106
0.2077
1.62817
2.94109
1.06644
0.449499
0.705296
0.481974
0.382966
0.509855
0.0771669
0.446039
3.48355
0.0378879
0.677873
0.0570223
0.0196895
2.6864
0.983108
0.0486866
0.253148
0.21356
1.83402
1.0291
0.95931
1.70326
0.495695
0.610117
0.916571
0.766084
0.0718028
1.73238
0.200237
1.5545
1.77022
0.230458
1.28166
1.46776
2.67351
2.05308
0.190826
0.30523
0.0439554
0.17698
0.0282784
0.374053
0.704503
0.526623
0.543334
0.270152
0.948298
0.452892
3.04224
0.476841
1.03284
0.320402
0.515691
0.743453
1.45388
0.419645
2.97515
0.736963
0.113229
0.560973
3.02161
0.308945
0.243998
0.281553
3.29093
0.143435
0.314955
1.35834
1.34849
0.0907258
0.834258
0.102823
0.482541
2.26969
1.25106
0.00596634
0.153938
0.0603315
0.36837
0.349058
0.203006
0.136143
0.092836
0.0399896
0.22048
0.119106
1.01537
0.694365
0.888711
1.20417
2.18497
0.0332303
0.908372
0.237868
0.191075
0.177924
0.621892
0.548163
0.106129
0.941132
2.67728
0.977945
0.0821433
1.06241
0.218616
0.587285
0.899413
2.83198
0.255918
1.856
0.511783
1.03346
5.94292
3.67705
0.183132
1.15904
1.52205
1.91568
0.290388
0.551071
3.13956
1.41914
0.104392
0.699811
0.429921
0.593808
0.61784
0.857399
1.96637
0.963631
1.1666
0.890259
1.26992
0.610701
0.256391
0.297498
0.769065
1.21739
0.277036
1.74488
1.12687
1.53767
1.72751
1.60293
2.36239
0.131145
1.15078
0.470447
2.56865
1.20747
0.0936619
1.83175
0.625703
0.970038
0.434109
0.145098
2.63608
0.801512
2.61729
0.409167
0.773176
0.516054
1.18951
0.101402
0.0856489
0.0920377
0.100496
0.438741
0.242548
1.49544
3.69375
0.588805
0.0683215
1.06714
0.00735657
4.72025
0.513221
0.00358934
0.956873
2.27535
0.26942
0.926787
1.52274
0.322394
1.29809
0.743476
0.0296907
6.81842
2.95975
0.531894
2.42591
1.40565
0.136077
0.0972036
2.86618
1.43908
1.64756
0.535334
2.65084
1.12408
1.09656
0.585712
2.02913
0.671008
0.0472963
0.745924
2.24053
0.95512
0.484539
0.0991357
0.0714317
0.218211
3.68624
4.7329
1.19986
1.12677
0.345467
0.874285
0.634929
0.0635935
0.0391493
2.12162
0.695653
2.72341
0.477466
1.80104
0.0381007
0.00276894
1.65606
0.918329
0.8073
1.65474
0.219115
0.181783
1.72408
1.6636
0.845706
0.397785
0.0898526
2.13025
1.95547
1.1014
0.598396
1.83944
2.24752
0.758297
0.697653
0.555304
0.273021
3.91429
0.0493334
0.769387
1.17603
0.381161
0.414581
0.0878888
0.773434
1.46387
0.38208
0.252873
0.76811
0.29919
0.158695
1.52109
1.32724
1.47881
2.23796
0.0977643
2.11444
0.745994
1.28247
3.47099
0.205108
1.32868
0.0748463
0.0220772
0.26371
0.301198
0.861726
0.58348
0.981043
0.328336
1.71604
0.33966
1.07065
0.382126
0.320254
0.0846836
1.73712
1.8039
0.668848
0.592756
1.98697
0.519113
0.36536
0.174774
0.289913
0.09623
0.352704
0.0285743
0.312102
0.0339649
0.0361842
0.798085
2.26251
2.81959
0.276151
1.64606
1.64858
1.14861
2.57157
0.0187106
0.370102
3.43216
0.167986
0.567846
1.86775
0.351898
0.76685
0.338222
0.00860793
0.961362
0.0452379
0.22993
0.163048
1.18889
0.506747
0.427614
0.688175
0.0986278
0.104046
0.129306
2.91512
0.429297
3.4394
0.689776
0.113652
2.35067
0.801037
0.677444
2.04151
0.10606
1.83014
0.702086
1.17573
0.913225
0.968795
0.798413
0.701145
0.978428
0.407988
3.24125
1.81521
2.72456
0.39079
1.06163
0.758235
0.687088
0.094767
0.618004
0.811437
1.52363
0.0113347
0.417439
1.2594
0.421878
0.53175
0.0611292
1.79398
2.3779
1.08052
0.437699
0.114416
1.65083
0.0823966
1.07906
1.73661
0.211598
0.280548
0.421845
0.31776
0.795135
1.79591
3.29559
2.26865
3.01759
0.0194719
0.183161
2.35485
0.139697
0.968028
0.393075
1.31646
0.786519
0.357423
1.64943
0.676089
0.263142
0.36784
0.21921
1.20593
3.26752
0.621523
0.940827
0.126303
1.85309
1.14595
1.22608
1.00546
0.175464
0.278456
0.545313
0.693597
0.165671
1.50988
1.35768
2.02631
0.138644
1.16639
1.55707
0.99742
0.500698
0.160216
0.157975
0.492011
1.66983
2.70176
1.52018
1.66649
1.42328
0.824989
0.880648
3.27113
1.46257
1.1628
0.897397
2.06255
3.37915
1.05698
1.40198
4.08505
0.175844
1.01402
0.257663
0.755773
0.957607
0.979017
0.787111
0.109334
0.0177964
0.214534
1.17015
0.568613
2.44323
0.222858
1.6742
0.552068
1.53618
0.0791379
2.24569
0.828026
0.619739
2.39085
5.53711
2.22382
0.17467
0.134613
7.92814
0.635407
1.35501
0.862509
0.811933
0.591638
0.140709
0.0930452
2.39838
2.5963
0.0532084
0.145488
0.0769568
1.62025
0.111057
0.018339
1.49862
0.587834
2.11672
0.107211
1.45239
0.71589
1.37501
1.15634
0.246544
0.183739
0.371981
2.53701
0.219438
1.5665
0.976635
1.96006
1.89736
0.3782
0.240597
1.62018
0.330122
1.63261
2.52196
0.301248
0.511291
1.88196
0.683535
2.98203
0.352025
0.254552
0.499331
1.06113
3.05285
3.75145
0.832565
0.244024
1.08208
1.35216
0.253465
2.00784
0.413307
1.28632
0.32352
0.699389
1.28923
0.50725
0.619186
1.64818
0.163704
0.274358
0.39598
0.0264761
1.3648
0.432438
0.0147313
1.65814
0.15429
1.2963
3.13806
1.3425
2.33236
2.62848
0.872222
2.21233
0.337587
0.448903
0.252827
0.317808
0.0295501
2.11531
0.554521
0.194493
0.659658
0.978021
2.14639
0.408646
0.682354
1.48908
0.625191
1.86913
0.0501631
0.91611
1.17464
0.572813
0.412203
0.342768
0.73844
0.712823
1.96792
0.936476
1.91388
2.22096
1.71099
0.0838109
0.275277
0.0698369
0.368312
2.12459
0.850977
0.695013
3.39958
0.333645
1.30264
0.398364
0.743603
0.783689
1.32927
1.47141
0.715971
1.84272
1.50697
0.315714
0.0599423
0.47053
2.6929
0.153139
1.62011
0.302028
1.98833
1.33433
2.68715
0.144216
1.5032
0.617795
0.625824
1.05127
0.317863
0.484088
0.0675924
0.969756
0.596561
0.395702
0.9767
0.0105888
3.46934
0.881427
0.571887
1.88559
1.10341
2.51521
2.41629
1.72503
3.39176
0.717193
0.550801
1.78812
0.756614
0.107388
0.435157
0.420251
0.695445
0.419331
0.251198
0.832209
0.492948
0.0481064
0.0110859
1.66231
3.1789
0.223875
0.709202
0.380216
0.214264
0.242902
0.185108
0.309578
3.1072
0.360063
0.485892
1.22082
0.0290642
0.247037
0.825787
0.32018
2.29417
0.789838
2.05221
3.87187
0.480239
1.15029
6.64937
1.58522
0.837782
0.501696
0.208577
0.28993
3.24167
1.65604
0.942578
2.68113
0.270377
0.0475679
0.377111
2.04202
1.25734
1.2686
0.855077
1.16601
2.54181
0.455625
3.02681
1.34566
1.39815
0.410876
0.839423
0.166092
0.871656
2.30981
0.443154
1.15101
1.56199
1.92532
0.0139728
0.636396
3.49374
0.0895036
0.272184
1.02776
0.637927
1.0729
0.370872
1.43016
2.23738
0.787711
0.0824883
0.77699
0.025259
0.337437
0.349525
0.29272
0.159725
2.05218
2.30903
0.0847235
0.312875
0.298427
1.06832
1.27045
0.382445
1.27984
0.797522
0.0201561
0.099495
0.211071
0.0140111
7.51776
0.139002
1.24332
1.24427
0.360947
4.10147
0.128396
0.828372
0.174795
0.825958
0.287192
0.512301
2.96799
4.19603
0.296662
1.75729
0.502187
0.388736
1.34201
1.74339
2.90887
0.338724
0.0846876
0.0707169
0.26039
0.825742
0.944411
1.07014
0.449182
0.213634
1.6371
0.650188
0.0992155
1.60635
1.57605
0.534738
0.562326
1.28254
0.975339
1.34111
0.295744
1.84292
0.0782649
1.46419
1.76408
1.01334
1.41517
0.264162
2.44822
0.0296676
0.111479
2.45855
1.34253
0.67268
0.0427876
0.778499
0.514573
1.98502
1.87808
0.000818903
0.548073
0.630803
0.247755
0.0834356
1.57983
0.0700461
1.0328
0.110386
0.532729
5.42198
1.3989
1.47208
0.105922
1.86808
1.27976
0.695281
0.92352
0.226355
0.322918
1.15441
1.40681
0.523565
0.922411
1.04937
0.622469
0.187199
0.417971
1.54077
0.169792
0.0359499
0.140538
0.612224
1.9563
2.10015
1.56691
2.52035
0.712169
1.85194
0.450081
0.850405
0.753859
1.71634
2.60174
2.05461
0.165397
0.512039
2.8647
0.188597
2.79266
1.0256
0.828838
0.591447
0.368147
0.991717
0.302234
0.024203
0.102439
0.118892
1.62695
0.386172
0.271026
0.570021
0.867412
0.569456
2.40952
0.595194
1.29944
0.795195
0.407307
1.33351
1.39148
0.054697
2.3126
0.0778959
0.56685
0.301462
1.24172
0.722131
0.39822
0.938141
0.256052
0.711225
0.13107
0.332994
0.362732
0.698538
0.0470223
0.349333
0.25182
1.39272
2.24122
0.268756
0.443865
1.16342
0.112648
2.55597
1.15332
0.738866
0.167279
0.121174
2.10708
0.6798
0.0180073
0.0634267
2.08784
0.223302
0.77656
0.974826
0.542384
0.805687
0.216188
0.461264
0.509152
0.265273
0.0564882
0.241426
0.0494995
1.58596
1.44981
0.285621
0.0288578
0.507683
2.09919
0.946766
0.358978
0.0360569
0.178309
0.627746
4.59334
0.0939058
1.49033
1.99697
1.78194
2.39544
0.921729
0.837745
0.235641
1.01227
1.79509
1.84948
0.512604
0.197687
0.631251
4.05021
0.607318
0.464299
1.46183
0.108646
0.819122
0.914305
0.662979
2.11667
1.18228
0.356147
0.809731
0.199956
0.168047
0.270711
0.260499
0.687083
1.97638
0.955291
0.148747
0.334762
0.867409
0.072362
0.963238
0.314693
3.37685
0.0682549
0.817939
1.5232
0.776602
1.01371
1.97268
0.248409
1.28924
0.261714
0.425453
0.462431
1.22634
1.09521
0.143523
0.614543
0.811064
0.145781
0.635113
0.48585
0.0273473
0.515163
0.0218329
0.232364
1.78724
0.805802
1.12523
1.64036
0.751763
0.595797
0.0738246
1.29589
0.678034
0.0133353
0.305465
0.145186
0.118508
0.0157209
0.245551
0.640803
0.854218
0.810913
0.394654
1.58699
1.76157
1.17969
2.63457
3.6639
0.0478513
0.202612
1.67508
0.296967
3.13522
3.74456
3.22755
0.63251
0.258026
2.09432
0.853726
0.509916
1.84666
1.25957
3.76473
3.94224
1.54312
0.0976898
0.666816
1.66571
3.04212
0.153519
0.967256
0.0856358
0.705717
0.566362
1.1108
0.924257
1.34692
1.32284
1.65558
0.153216
3.1
2.13432
0.547862
1.37374
0.971353
1.30453
0.0952736
0.254088
0.0940556
2.07134
2.59512
0.671551
0.174008
0.268514
0.24654
0.534671
2.20859
0.539235
0.466521
0.914989
2.3817
0.00971834
0.235851
0.828805
2.64988
0.734869
1.05059
0.506865
0.579697
0.843952
0.319932
0.879234
0.25237
0.730855
0.686331
0.582917
0.85656
1.08872
2.02068
0.456846
1.00592
2.25291
0.3727
1.64972
0.258484
1.42196
1.27564
0.0712075
0.0803086
4.15658
0.848575
0.392479
0.411994
0.194204
0.550723
0.0881814
0.60457
0.073975
0.0598376
0.32507
10.3578
0.0653475
2.85565
3.22838
0.393961
1.97381
0.807416
1.79137
1.28601
2.19539
0.352095
3.7671
1.23222
0.0761883
0.298004
0.973306
0.209096
0.46964
1.93076
0.349572
0.965334
0.352677
0.0937764
0.370293
0.420882
0.758895
0.550007
1.03903
0.985008
1.0365
0.427148
0.180794
0.117525
1.24609
0.0257333
2.85586
0.118343
2.083
0.890177
0.528613
1.75357
0.0656674
1.4652
0.687487
0.211726
1.29823
0.516036
1.69854
1.36514
0.552966
3.29224
0.162152
0.999952
2.56269
0.294538
0.0675204
1.49769
0.223487
1.26591
0.197939
0.391884
0.718644
1.23303
1.72784
0.0450672
1.87537
2.37288
0.0531859
2.7009
1.18878
1.02875
5.16469
0.285203
1.87305
0.380141
0.281493
0.141443
1.29944
0.695893
0.10964
0.187825
0.626965
1.18471
0.993182
0.860312
0.716677
0.432904
0.965045
0.996169
0.131583
0.904535
0.186639
0.505262
1.24555
2.49819
1.15563
1.28053
1.16196
0.129324
0.129657
0.130877
1.5345
0.677574
0.117767
0.509706
0.276011
0.11093
1.10123
0.094068
2.47086
2.62882
0.0804025
0.495906
1.35698
5.07827
0.142812
0.0788941
2.54102
1.54473
4.97497
3.39996
0.486677
0.893312
0.757033
0.41543
0.942769
1.89786
1.47168
3.84252
0.40617
1.62666
1.03646
0.169721
0.261947
0.864508
2.19116
0.583932
1.39882
0.697758
2.17814
1.12825
0.196279
1.19805
1.04948
0.320164
1.77857
1.43037
0.0666828
0.224999
0.775929
0.404403
0.408953
0.879534
1.12815
0.123474
0.634383
0.113617
0.759206
0.0323054
0.497253
0.215814
0.146526
1.25592
0.214004
0.308586
0.291599
0.887437
1.2357
0.127188
1.47487
0.122529
2.7675
0.194606
0.485584
0.582424
1.18567
0.242442
0.254624
0.703235
1.23007
0.112449
0.673334
0.504013
2.35384
2.12282
0.128917
0.626912
0.0989446
0.0332482
0.294669
0.166886
0.68402
0.682635
1.26835
0.557053
0.0575953
4.60008
1.03077
0.232916
1.29323
3.17035
0.512067
1.57533
0.810173
3.11626
0.233441
0.17519
0.31017
0.497796
0.528428
1.43536
0.122447
0.548339
0.447471
0.140403
0.62921
0.290929
0.92202
0.631662
1.36139
0.872524
0.160272
0.698396
0.292737
0.308027
1.64228
2.12637
0.717793
0.997426
0.688273
1.73025
0.0627661
1.70687
0.873767
0.330457
0.192974
0.101452
0.678127
0.125931
1.67937
0.0479898
1.3
1.34805
2.01811
2.7509
0.753071
0.142417
1.27755
0.470071
1.2283
0.230211
0.0821181
0.268487
0.954171
0.160173
1.28032
0.534133
4.54197
0.510651
0.432179
0.210666
0.0719662
0.913464
0.307592
0.0954617
0.942438
1.80808
1.17373
1.9215
0.163524
4.08346
0.0214488
0.343495
2.04969
0.859865
2.94351
0.623219
3.29222
0.183437
0.191901
2.23895
0.0673958
0.512512
1.39425
1.37803
1.21262
2.15578
1.03969
1.39922
0.0563323
1.59159
0.389004
3.58131
0.240271
0.0482996
1.85822
1.37283
0.267331
0.915624
0.233623
0.0861687
1.42601
0.650584
0.894645
1.97956
1.90856
0.511455
0.0769442
0.0284372
0.0280086
0.107951
1.64366
0.013103
0.960284
0.40801
0.0379749
1.54849
0.333994
0.0635171
1.15052
1.65756
1.6226
0.147368
1.6607
0.807177
1.2078
5.16589
0.616817
0.658497
1.49776
0.0141274
0.126427
0.55405
2.5813
0.217579
0.0456688
0.828404
1.06748
2.64342
0.424862
0.514908
0.605387
0.943444
0.775138
1.36996
1.33229
4.09498
1.35225
2.3862
4.71038
0.0535319
2.09199
0.131283
3.561
0.677736
0.350589
0.113758
0.934255
0.115138
0.372
0.077358
1.09587
0.136286
1.88222
0.0146449
1.64653
0.223787
0.979829
1.26224
1.56102
0.306648
0.33563
2.84816
0.111541
0.234829
0.608668
1.33718
1.09673
0.369595
3.48762
0.575022
4.3131
0.271691
0.228543
1.68093
0.7067
0.366365
0.512001
1.65677
0.734334
2.69563
0.604698
0.042881
0.449619
4.35909
0.543562
0.198231
3.1585
1.56097
0.993158
0.703296
0.267749
0.852795
0.98274
1.7705
1.81508
1.57722
1.83066
0.126112
0.624792
1.13629
0.656321
0.462632
0.716552
0.469115
1.05403
1.43117
2.46666
3.8314
1.55955
0.178038
2.04837
1.37684
2.37673
0.0586153
0.166863
0.484375
0.160087
0.214185
0.00900364
0.482523
0.585174
0.135754
0.223358
0.748933
0.464966
1.23724
0.459708
3.23651
3.15061
0.363972
1.80175
0.44233
2.10047
1.58832
0.515004
2.11144
0.410347
0.704514
0.190118
0.669896
1.23145
0.0308096
0.297253
0.42027
0.290108
0.752987
0.0649554
0.651311
1.21005
0.813856
1.83669
0.137596
0.261588
0.127438
0.375723
0.708097
2.41515
0.965494
0.51055
0.241461
0.597909
0.199198
0.409685
1.76842
0.877827
3.17668
1.03701
3.79125
0.0681564
1.05685
0.0385086
0.855895
1.64556
0.740194
1.15435
1.26591
0.0484759
0.505112
0.206053
0.771652
1.12853
0.31354
0.135891
0.666991
0.268988
0.0255743
0.299942
0.203221
0.167805
0.193682
0.805839
1.57629
0.106354
4.24754
1.82251
0.316106
0.177152
0.754447
3.06574
1.08403
0.896763
0.5018
1.4105
4.51312
0.517323
1.32919
1.95135
3.71311
2.23938
1.98456
1.02499
0.207732
0.144599
1.43584
0.187765
0.558791
0.621006
0.165214
0.0276503
0.405258
0.640127
0.410786
2.25562
0.08287
2.56963
0.657694
0.298334
0.516081
1.91827
0.417154
0.174477
1.23936
0.269959
1.47522
0.441447
1.21221
3.0173
1.19367
1.24829
1.45044
4.89731
0.900326
0.572391
0.0300401
0.41726
2.6157
2.48637
1.33862
1.51224
4.18236
0.0408802
2.04419
1.02881
1.28231
0.28763
0.406895
1.05633
1.02392
0.48632
0.450713
0.368254
1.80814
0.166929
1.35735
1.13573
1.11587
0.0458357
0.307521
2.96687
1.36486
0.150925
0.0276391
0.390633
0.954774
0.362629
2.25489
0.178096
0.506977
0.100464
1.71903
2.47543
0.11737
1.08485
0.243768
0.989042
0.183247
0.73424
0.348204
0.619429
0.702314
0.0841368
1.68011
1.71059
0.577727
0.348343
0.00702912
0.872591
0.219623
1.30331
0.0388537
0.372908
0.0991501
0.0921349
1.30678
0.578045
0.620316
0.304357
1.11151
1.20327
1.97803
1.43101
1.44876
0.269743
0.0494009
1.72281
2.12244
1.29063
0.825157
0.0857151
1.24284
2.66781
2.32807
1.45319
0.0735648
1.59435
0.134552
2.92138
1.57458
1.50435
0.0154453
1.47777
0.430236
1.67504
0.872774
0.0788567
0.270086
1.0316
0.388474
0.322113
0.453697
0.369045
2.35361
0.801365
0.946442
0.691904
0.263814
0.0215874
0.0980272
0.384405
3.41632
0.618544
6.28331
1.63649
0.633311
0.0352747
0.676232
2.07834
0.206633
0.102213
0.26527
0.328618
1.72563
0.0800796
0.332216
0.958776
0.506635
0.284074
0.81669
0.469793
0.319701
0.402081
2.01547
1.12436
0.432578
0.734535
0.211243
0.248884
0.950967
0.950973
0.586962
1.95748
0.259595
0.891141
3.69
2.67189
4.04542
1.14963
1.47747
1.35006
0.566974
0.0286058
2.09493
0.38479
0.0208849
1.70042
2.05691
0.563997
0.190824
1.0308
0.03438
0.526473
0.00770517
1.51214
0.375031
1.07893
0.936139
2.12384
0.366965
0.240567
0.106365
0.239452
2.94209
1.14604
1.72219
0.070821
1.09067
0.127087
0.0528281
1.73652
0.0411157
0.348661
0.584462
0.151916
0.354491
0.93215
0.241228
0.226633
0.210486
1.04846
1.90733
1.09046
0.729975
0.673505
0.837518
0.331128
0.22384
0.593144
0.522802
0.564664
0.123386
1.55069
0.514804
3.18305
2.82981
1.65319
0.52164
0.0772451
0.469474
0.740864
0.261879
0.677524
0.0317015
2.44002
0.692081
1.3299
0.818166
0.313008
0.953448
0.31941
0.251039
1.21238
0.104258
11.5144
0.600386
2.20583
0.891514
0.646548
0.297246
0.0867879
0.390388
0.0303144
1.11293
1.58317
3.13722
2.13024
2.56283
0.00556275
1.62471
0.225738
2.8254
2.39935
2.56418
0.754784
1.31204
3.71008
1.33798
0.923553
0.734654
2.23056
0.93812
0.171319
0.117183
0.297063
0.417812
0.282347
0.153786
0.290493
0.328352
5.47495
0.273693
0.430045
1.35043
1.87012
1.25811
0.0201631
0.600189
0.691603
0.289488
0.400011
1.18309
0.959457
0.492293
0.319188
0.981192
0.251129
0.474364
1.38355
1.37274
1.70229
0.670096
0.110906
0.520661
0.318594
0.0972604
0.752481
2.55751
0.0981346
3.19297
0.871215
0.534504
0.300931
0.806078
0.814803
0.878755
0.961975
0.0658298
0.571315
0.65763
1.46112
0.0571801
1.10339
4.35874
0.344374
1.30961
0.461504
0.504407
3.50784
1.46232
1.06397
3.72825
0.376575
0.365922
0.115914
0.449573
0.429648
0.440367
1.08504
8.30764
0.706005
0.319023
2.0352
3.23903
0.0369767
1.28
0.52298
0.334739
1.55235
0.164624
1.30441
2.03131
1.20187
0.523054
0.137099
0.470151
0.80864
0.67928
0.728894
0.972811
0.576456
1.94222
0.294281
0.60678
1.22552
0.249326
2.02488
1.33499
0.260886
1.09411
0.50851
0.528888
0.570559
0.275625
1.20188
0.27438
0.619551
0.435071
0.333308
0.0408692
0.095108
1.13608
0.429659
1.03864
1.25249
0.323836
0.114179
0.991149
1.51261
0.237787
1.17891
0.187454
0.0233394
0.328107
0.703063
2.9547
0.290326
2.44772
0.123767
1.63581
0.892471
0.673361
0.0676434
0.186949
1.20977
0.793007
3.78146
0.819703
2.26892
0.892391
0.866428
0.418437
2.72911
0.511653
0.972116
0.415993
1.24775
0.786252
1.97108
1.33596
0.50634
0.23678
1.58519
0.561111
0.232297
1.18816
0.0507714
0.37989
1.75638
0.293498
0.884506
1.51702
0.392181
5.3803
0.425558
0.188363
0.0393247
1.62897
0.0814751
0.195392
0.767456
0.159862
0.328123
0.603643
2.41577
1.08093
2.03745
0.0841886
0.00995925
2.79853
0.411249
4.66149
0.266617
3.01995
1.04701
2.42265
0.690212
0.844541
2.73021
1.0105
1.94115
0.525301
0.287542
1.44291
0.10363
1.42676
1.36495
1.23996
0.120767
2.60672
2.61744
1.22067
1.9925
0.996282
0.174846
1.03496
0.0473155
0.539953
0.971555
1.34664
0.921896
1.98104
0.0484083
0.0119517
1.04944
0.780606
0.286309
0.453167
0.35401
0.826899
1.51972
1.63672
2.3747
0.444011
0.381433
0.97704
0.678868
0.197643
0.593811
1.6127
0.0172676
1.0776
1.02162
0.637495
0.362722
1.32404
0.165592
1.83131
0.709502
0.00811238
0.180674
0.433204
0.432109
0.47836
1.0084
0.352834
0.377006
0.651853
0.133001
2.26405
0.549479
1.60393
1.71312
0.370425
0.188842
1.96583
0.846872
1.03116
0.905498
3.45059
0.747093
1.53225
0.664126
0.474903
0.175558
0.721814
2.98015
0.855664
1.26008
2.16298
1.52536
0.430155
1.01606
0.0486593
1.21578
0.498679
0.891923
0.102379
2.17158
0.206688
2.73533
2.7135
0.255331
3.04127
0.770141
0.0965098
2.13014
0.103629
0.311675
1.74445
0.0708662
0.752725
0.243275
0.320736
1.09241
0.0529132
1.16659
1.52335
1.1121
0.0422377
3.56841
0.0601977
2.24292
0.237711
1.0451
3.21979
0.55303
1.52118
0.16585
0.633989
0.8951
0.0580726
1.01264
0.135134
2.49673
0.12401
0.719807
0.275122
1.45597
2.54724
2.75385
1.75172
0.966343
1.74907
0.746575
0.719017
1.79509
0.940131
0.0806422
0.0235492
0.215144
0.0671951
0.1573
0.1438
2.05389
0.165285
0.200361
0.95612
0.403657
0.527038
1.09751
0.825284
0.131401
1.07021
1.12674
0.71968
0.896893
1.00141
0.868202
0.639134
1.23889
3.51028
0.871206
0.0305849
0.840574
0.315137
3.10808
2.85901
0.0250905
0.37253
2.71768
0.00102313
0.1661
2.32552
1.12657
0.273566
0.249137
0.823947
0.0426875
3.55929
0.464963
0.219667
0.774329
0.393197
0.0214892
3.72315
1.73144
0.150997
1.47147
0.585493
0.232984
0.340413
1.08462
1.58311
0.0160784
1.33545
1.66883
0.673207
1.08522
0.981045
0.4505
0.911961
0.582172
0.192145
2.85699
0.174648
0.353168
0.119394
0.0423827
1.67635
2.04132
0.371464
1.11451
1.91923
0.838354
1.19731
0.544251
1.42206
0.0102589
0.774476
0.663341
0.509072
0.443321
2.75449
0.378467
0.24432
1.48034
0.922725
0.0159648
0.440514
1.81387
0.775425
0.712691
1.79434
0.866829
1.37674
0.280789
3.36936
0.479951
0.296714
0.907178
1.00851
2.62643
0.891493
2.19729
0.964664
0.00330033
1.98211
0.736568
1.37293
1.0201
0.700284
0.240427
1.41283
0.249722
1.46076
0.685739
2.88809
1.46773
0.170275
0.0967165
0.30271
2.45898
0.117495
0.386462
0.474018
0.324256
0.413869
0.363637
0.320594
0.542281
0.233242
0.586323
0.431798
0.240469
0.191414
3.30352
2.18659
2.08249
1.72487
3.8195
0.233246
1.29908
1.23075
0.151919
0.00985768
0.188204
1.27953
2.00228
1.39292
1.09368
0.89309
0.519615
2.07492
0.0772532
0.182388
1.46922
0.523562
2.07733
0.669444
0.0589583
2.87605
0.802813
0.230928
2.06336
0.123718
0.770935
0.237703
1.47691
2.45435
0.380543
1.96733
0.165012
0.437705
0.190568
2.83399
0.0964838
1.25247
0.440062
1.00564
0.175839
1.8864
1.53021
0.818818
0.711673
0.104438
1.05996
2.44796
0.376238
0.466978
6.39865
1.35783
0.612267
1.07977
1.70124
0.442331
0.373277
1.54859
0.315213
1.15886
0.129666
0.405259
2.76203
0.749633
0.283183
2.06189
0.212302
0.159553
0.431807
0.484443
2.83856
0.21661
0.0572597
1.42425
2.55664
0.344621
0.10853
0.389071
0.734387
0.939031
0.143729
0.183171
0.638163
0.386749
0.436435
0.0480649
0.243385
1.48505
2.32171
0.452829
1.01211
0.186552
0.762869
0.118796
0.591094
0.35578
1.35209
0.345758
0.225001
1.74371
1.24206
0.0414626
0.583023
1.62769
0.0353219
0.244281
0.0486004
2.40893
2.27397
1.22674
0.14119
0.180418
1.04374
0.802989
0.800931
3.05943
0.397731
0.387203
0.539011
5.25214
0.24143
0.465334
0.984945
0.569652
0.309715
0.11696
1.05464
0.429289
1.78196
1.58342
0.0400056
0.408987
0.544221
0.2988
2.25014
0.180039
3.28494
1.9233
0.0700826
0.504207
0.648932
0.869144
0.772449
0.0365254
0.292258
0.167646
0.433712
0.158784
0.183509
0.411403
3.42291
1.41812
0.0375764
0.51165
0.0658945
1.12324
6.88516
1.35277
0.513655
0.99879
0.370386
0.0939037
0.00580168
1.64319
1.32007
0.227696
1.44174
0.90652
1.70938
2.58033
0.217572
0.152323
0.219125
3.7313
0.0758832
0.929718
0.470645
1.25591
2.03667
0.685364
0.0596218
2.38269
3.3659
1.02616
0.0558799
1.61255
1.53608
0.528713
0.334555
0.440023
0.276676
0.600526
1.23438
1.11937
1.05104
0.541768
0.43453
0.138958
3.05525
1.07194
0.0178001
0.120711
0.178398
2.31559
1.86049
0.98857
2.91655
0.0899217
1.23339
1.21158
0.664656
0.219941
0.416713
1.73513
0.461551
0.273295
0.0946393
1.60153
1.22957
0.399387
1.0681
1.93137
1.87768
2.15768
1.18626
1.3561
3.24997
0.0209769
0.120761
0.422535
0.794767
1.56925
0.569164
0.97057
0.584293
0.134576
0.728912
0.494402
0.314123
1.81905
1.00005
1.96886
1.07591
0.430833
3.52639
1.21574
0.622452
0.246153
2.31176
1.01753
0.550123
0.878751
2.19131
3.48866
0.209763
0.594925
0.420824
3.2588
0.479055
0.820053
0.120537
0.525169
0.417405
0.902061
0.449979
0.163984
0.666189
2.69354
0.873159
0.128162
0.510885
1.40869
0.015795
0.362825
0.114577
1.24415
0.869531
0.447295
0.0215575
1.79249
0.273138
0.163506
2.31113
1.33199
0.0711361
0.394247
0.270892
1.55922
1.46054
1.55388
3.08703
0.775499
0.233343
0.124222
0.209193
0.285008
2.60264
1.95202
0.185129
0.529321
0.0195783
1.37218
2.13768
1.45413
0.154428
0.224676
0.259202
0.193468
1.00979
0.418688
1.09325
0.261808
0.968557
0.0594283
1.34276
0.452086
0.367728
0.0324016
0.361003
1.43803
0.0887053
1.84508
0.479949
0.148798
0.316047
2.24234
0.195976
1.20092
0.490804
1.15255
0.426519
0.444419
3.29251
1.53397
2.99293
4.07368
0.192247
0.0559382
1.3431
0.649017
0.213478
1.43054
0.882942
0.557119
0.628072
0.319566
2.86152
0.110857
0.959645
1.32904
0.804073
0.674265
0.60938
0.0725337
0.219172
0.371547
2.17619
0.174395
1.15481
0.423989
1.87135
1.73454
6.13562
1.20562
0.250502
0.430982
1.07085
0.105167
0.835428
0.896866
2.1768
0.263395
1.87843
0.759383
3.96831
0.365717
0.237169
1.11201
0.511368
0.0169546
0.505721
0.590189
1.24528
0.632615
0.381599
0.769632
0.370375
2.64081
0.778036
0.352843
1.01779
1.06881
0.0393104
0.568839
2.03249
0.433577
0.178129
1.76943
1.13885
2.08006
0.659433
0.161844
0.0620725
0.375995
2.7347
0.656965
0.160632
0.139167
1.68834
2.3944
0.197675
0.894127
0.859767
2.03836
0.676256
2.66126
1.56756
0.315069
2.16647
0.0430415
2.04872
0.869463
0.264424
0.568414
0.174938
0.122006
0.48807
0.0723177
1.16309
2.20276
0.383168
0.965255
0.499478
0.912675
1.49739
0.21842
0.173105
0.221627
0.575861
0.922062
1.55891
0.162171
0.653639
0.489952
1.0913
0.306975
0.238004
0.516109
1.59376
1.38862
0.132896
0.120632
2.33891
0.307784
1.67201
0.742658
0.160506
0.806466
0.462309
2.80337
0.208488
0.0978806
1.22742
0.469253
0.188244
0.566766
0.418671
0.25704
1.30712
1.73924
0.686091
1.71784
1.54764
0.791812
3.98385
0.0249751
0.510324
0.0509479
0.0959926
2.01421
0.0412908
0.841183
0.283404
0.401434
0.202069
0.80353
0.349736
0.222734
0.415999
2.58952
0.313861
0.299378
1.27475
1.10342
0.651796
3.54078
0.0228963
0.20797
0.223378
1.22733
0.794091
0.81871
0.451414
1.0205
1.69885
0.47957
0.0692162
0.570862
0.559486
1.19205
3.05415
0.254997
0.369507
0.231051
0.363691
0.262079
0.286402
0.0633217
0.439709
3.20527
0.845151
0.00933123
0.555927
1.86299
0.407549
0.70505
0.187653
0.217557
2.23315
0.229102
0.0362475
2.82086
0.500527
0.104924
0.082182
1.24355
0.549504
0.136059
0.939037
0.388091
0.124743
0.218937
0.415778
1.3317
2.61357
0.230839
0.0558214
0.362127
2.32684
1.58117
0.0572021
1.32434
0.716443
3.54012
1.27249
0.487984
1.37361
0.954558
0.0620446
0.356447
1.26928
2.6947
2.9247
1.21187
2.17392
0.0336432
0.147814
1.66964
3.1938
1.94595
0.514639
0.235932
1.34202
0.0197333
0.227238
0.545915
0.0310401
1.68515
0.216356
2.88615
0.549895
0.170561
0.45752
0.679058
0.895415
0.980109
0.0563722
1.01728
1.13531
0.758726
0.798997
0.824911
1.78102
1.06926
1.43046
0.413101
1.12329
2.08399
2.3821
1.01473
1.36602
0.276219
0.664355
0.0346297
0.947785
0.96909
0.173757
0.532937
2.65923
0.222915
0.630378
0.619192
1.01028
0.100593
0.539552
0.680632
0.463574
1.89413
0.0215601
0.929049
0.225657
0.98205
0.765957
0.305863
1.42758
1.28352
1.97906
0.282076
0.46938
0.372372
2.68008
2.53271
3.38392
2.69398
0.972957
0.705538
0.115687
0.415552
0.823695
1.60668
1.5959
3.62103
0.529181
0.939316
0.7619
1.0712
2.64015
0.520644
0.76494
0.0113655
0.957426
0.443243
0.0506217
0.0810572
0.171093
0.165967
1.82137
0.396172
1.27024
1.65771
0.281102
2.24421
3.04744
1.08972
0.467625
0.706832
3.1772
0.412267
0.440904
0.300888
3.93126
0.440489
0.777884
3.51927
1.42258
2.2612
1.03508
2.31332
0.27269
0.882625
0.485091
0.2519
1.12335
0.266195
0.215459
0.146714
0.352932
0.821294
0.719481
0.848352
0.864329
3.36316
0.0591496
0.467288
0.368851
0.170685
0.954388
1.31352
0.390729
0.643469
1.35292
1.15063
0.377963
0.94034
0.0416904
0.955687
0.695945
1.59429
2.27035
2.35243
0.780782
0.374567
1.84416
0.791415
2.18598
1.86228
0.841209
1.2598
4.5949
1.45443
1.52969
0.324586
2.56079
0.566904
0.0224878
0.594308
2.10371
0.331282
0.835383
1.96773
0.632491
0.65187
0.0742091
4.44999
0.626352
0.336697
0.667901
1.4943
0.316256
0.109194
0.291704
2.03477
3.7175
0.104697
0.154473
0.231373
0.250932
0.56969
1.0211
2.89658
1.64747
0.838932
0.720146
0.7088
0.454967
2.06236
0.785946
0.181059
0.0854675
0.202128
2.90388
1.14129
1.50114
0.840588
0.421886
1.56567
1.90358
0.557338
0.573483
1.02429
2.76731
0.100284
4.10755
1.7008
0.0585895
1.03747
1.21387
0.0596808
0.571678
0.0198798
0.325039
0.497104
3.2022
0.818052
0.250926
0.963708
0.556619
4.31547
0.898292
0.199851
2.87455
0.466383
2.73898
0.797394
0.851887
3.25716
0.85269
0.178781
1.02706
0.511653
2.01029
0.447562
0.0812797
0.372614
0.422318
0.91734
0.533574
3.19622
0.275094
0.288897
0.425857
1.85213
1.91477
5.45225
0.545075
2.99897
0.930615
0.744628
1.48377
3.86872
0.806881
2.63931
0.126294
0.304747
0.433451
0.0358377
0.108775
0.0164528
0.517149
1.07038
0.863461
0.874782
0.0831334
0.106485
1.32343
0.462035
0.291653
3.32162
0.400023
0.56022
0.421758
0.714593
1.32954
1.95922
0.95846
0.188553
6.30661
0.424137
0.14493
1.43516
0.889168
0.0625317
0.24222
1.79179
0.0375939
0.0803317
0.765229
1.32713
1.21079
1.96467
0.66422
0.145592
0.471553
0.975699
0.395883
2.13969
0.431366
1.65366
0.359699
1.03793
0.289545
1.66342
2.72798
2.44166
1.01284
0.792587
0.202598
0.359519
1.21032
1.14046
0.310686
2.64929
0.436951
0.0276742
4.2785
0.432063
0.39316
0.178422
0.86356
1.12483
0.180353
0.935238
0.0425495
4.49072
0.0802176
0.163195
0.990658
0.298661
0.598289
0.848702
0.951112
0.297778
2.35037
0.989604
2.95568
0.649284
1.00151
1.11338
1.43693
0.813356
0.879112
1.25385
1.55325
0.30024
0.184945
1.44862
0.0343086
0.105956
0.127009
0.518054
2.32608
0.878146
1.2716
0.337617
0.949419
0.380386
0.548001
0.0603994
0.73795
0.470395
0.202642
0.59209
0.0853627
0.0891719
2.57622
1.09055
1.21322
4.14406
0.270164
0.177329
3.55836
0.0193455
3.68821
0.467298
1.80856
0.614883
0.225022
0.814944
0.228734
0.691376
5.02802
0.172457
0.252589
4.71164
3.67368
0.0299368
1.88945
0.700921
0.19351
0.14
0.721421
1.7922
2.12847
0.415105
0.470922
0.960609
1.97606
0.239764
0.448876
0.0481033
0.0654384
0.0300311
0.163683
1.48537
1.67547
0.184
0.234698
3.32524
2.62392
4.13439
2.0088
2.53048
0.349967
3.17752
0.717447
0.319046
2.85354
2.87853
0.76823
0.2153
0.52738
0.068707
0.40489
0.48008
2.51628
1.2874
0.259221
1.38051
0.589698
1.27081
0.472701
0.0521258
0.291184
0.182067
1.70481
0.0481063
1.07065
1.17518
2.02511
4.01392
1.07622
1.06349
1.0197
0.804873
0.0191062
1.85604
0.134722
0.188339
0.836889
0.0167388
1.7231
0.188815
0.194485
3.13795
1.70763
3.06612
0.87016
0.916265
0.502421
0.897706
0.0809178
0.923463
2.07815
0.306574
0.470367
3.34182
0.482381
0.0895858
0.216755
1.02712
0.915488
0.324986
1.11099
2.55832
0.0558168
1.50836
3.43273
0.262138
1.47146
0.146468
2.04561
0.42824
0.810895
0.202663
1.96154
0.0591123
3.49628
0.279563
0.397416
0.567409
2.52167
0.0636792
3.26578
0.0765619
1.4839
0.301144
0.0706982
1.96062
3.88405
0.0793073
2.18145
1.32167
0.690887
0.441985
0.166469
1.62042
1.65394
1.08826
1.28082
0.993258
1.69723
1.10276
2.85203
0.493758
1.61342
0.924976
0.826853
0.468833
1.63402
0.541223
2.18372
0.134519
0.85944
0.0796058
2.14939
0.954177
1.3439
0.650706
1.40667
0.312898
0.815213
0.124872
0.951522
1.37087
2.0603
0.247408
0.0337607
0.0919692
0.129716
0.45943
0.557419
0.31845
1.95206
0.611753
0.89782
2.66269
2.1104
2.82973
2.78137
0.15575
0.292524
0.569031
3.08098
1.43351
0.0925618
0.155208
0.270714
1.30203
0.206432
0.819083
1.35505
1.64485
1.15894
1.00903
1.66814
0.790606
1.21801
0.15132
0.736794
0.295547
1.83955
1.36414
2.46364
0.732268
4.9448
1.809
1.61068
0.14189
0.382889
0.213979
0.524699
1.09097
0.404662
2.01062
2.46867
0.404347
0.496319
0.552413
0.839584
1.70764
0.655984
0.713542
0.648874
1.73653
0.17811
0.00877577
4.17873
0.602987
0.49681
0.856866
0.767324
0.197923
0.0945035
0.204227
1.754
0.59447
0.554294
0.96906
1.66159
0.827487
0.719017
0.433143
2.20585
4.38601
1.95671
0.0651181
0.387066
0.701776
0.628904
3.26987
0.824181
1.94564
0.291526
0.281883
1.20289
1.78755
0.742833
1.05023
0.389855
0.429933
0.543212
3.09587
0.873261
2.45004
1.99729
0.59655
0.00420913
0.475141
2.75494
0.271237
1.48904
0.505927
0.711781
1.06981
5.40699
3.53582
1.90839
0.35485
0.198735
1.01074
0.268103
0.491259
3.9747
0.16912
3.24137
0.933927
2.08831
0.0205464
0.310886
0.150861
0.1098
1.30986
0.0782739
0.386687
2.36515
2.26994
0.792511
0.00182839
0.395102
0.629196
2.23269
0.513291
0.0910932
2.56587
1.62181
0.544166
1.70699
1.10753
1.16756
0.485324
0.820798
0.20066
0.0347598
1.01391
0.0379774
0.0165521
0.138829
0.652216
0.199814
0.275366
0.0769645
0.267689
2.15582
0.000463353
1.18569
0.313801
0.880942
0.923613
0.680663
0.302761
1.22728
1.51393
0.437171
1.11747
2.00324
0.106749
0.407607
0.0697859
0.571828
1.1421
0.330503
0.0378456
0.111618
1.34013
0.694943
2.0162
1.09177
1.18945
1.43864
0.114983
0.95462
2.25463
0.401304
2.43574
1.61318
2.56281
1.56409
0.789932
0.147812
0.55436
0.300902
0.0287419
0.245729
0.130372
3.1771
0.710397
4.61499
0.141336
0.729382
1.80829
0.622539
1.12205
1.09328
0.307567
0.398175
0.633778
0.651872
3.90263
2.24976
0.443047
0.295567
0.0537597
0.958609
2.34838
0.848245
0.152005
0.197458
0.878803
0.0126711
0.524041
0.529628
1.50103
1.67229
0.274706
0.361222
0.394629
0.3271
0.108188
0.207852
0.51472
1.3035
0.349716
0.105194
0.691391
0.693831
0.64475
0.117085
1.17162
0.554442
0.0220459
0.186315
0.654656
0.598066
2.06612
2.94094
1.13118
0.852829
0.389951
1.81736
0.200152
0.598404
0.310078
0.630987
0.321957
0.155079
1.0331
0.395352
1.84112
0.0455547
0.197339
0.194349
1.49548
0.775041
0.196963
1.82487
0.973315
2.57832
0.309614
0.969043
1.37785
2.9604
2.72569
0.495041
0.305306
0.319633
0.0823517
0.322752
3.30328
1.00207
2.73858
2.99638
2.07202
0.634566
0.826404
0.799889
0.0518412
1.33338
0.462158
1.77936
2.35705
0.0518359
2.07983
2.05844
0.477696
1.05047
0.532129
0.589579
0.278254
1.80483
2.16514
0.00988428
0.117567
0.51121
0.711571
0.189348
0.628208
0.26558
0.618135
1.10145
0.399716
0.00154606
0.586716
1.55347
0.522469
0.118851
0.0267073
0.22248
1.97062
1.63681
0.437943
0.442026
1.10476
0.256603
0.673719
0.0889168
1.2869
1.17036
2.16244
0.18467
1.62597
0.86935
0.141166
0.317858
0.0506734
0.0632948
1.99306
2.19447
0.94462
0.295058
0.148565
0.224037
1.75246
1.68305
1.05026
0.14768
0.57742
0.561399
0.682988
0.34676
2.68747
0.673051
0.0720162
1.0388
2.07091
5.63049
0.00975299
0.177222
0.962236
0.0416793
0.035006
0.319478
0.350284
0.0192828
0.728519
0.186075
0.358493
1.27189
3.42432
0.199423
1.23828
0.509827
0.678753
1.97279
2.63964
0.537354
0.802018
0.0584694
2.21021
1.24709
0.295405
0.164778
0.266033
0.463167
1.6589
0.108933
1.11541
0.00671566
0.0841525
3.1587
7.25394
0.335267
2.1499
0.354602
0.0627243
2.66937
0.678533
1.67917
0.981445
0.234809
2.1091
0.0941114
0.0758604
1.97833
1.74499
0.84495
2.0189
1.33856
0.126951
0.661097
0.886432
0.138826
0.0644972
0.351874
0.174776
0.419057
0.147501
0.177861
0.173837
1.81995
0.376539
1.04004
0.64378
0.79934
3.80899
0.46514
0.0600743
0.357684
0.745711
0.75908
0.304962
1.80513
0.987872
0.13394
3.8203
0.33535
0.855739
2.18502
0.255636
0.331423
4.03649
0.322148
0.118557
0.116987
1.11069
0.00250915
0.550405
0.61172
0.763494
0.945247
0.575744
0.258352
0.751721
0.530951
0.285795
2.06673
0.539152
0.679537
0.111408
0.579088
0.056211
0.612739
1.76924
0.369828
1.74777
0.856535
1.1021
0.146447
0.0406562
0.00466687
0.181503
0.690337
0.87769
1.95136
1.67548
0.167086
5.08638
0.386116
0.419041
0.718304
0.87382
0.00469071
1.29625
0.370973
2.6448
3.63346
1.73037
0.778568
0.368837
1.32723
1.00842
0.136819
0.800915
3.61131
0.0579182
1.2486
0.272625
0.422488
0.728583
0.203272
0.394626
0.175576
0.358611
0.837318
0.92113
1.46989
0.265796
0.782953
0.158304
0.255782
1.35915
0.326207
0.541979
0.0264986
3.20262
0.487919
1.16239
0.101281
0.0619856
0.731935
2.0117
0.400575
1.2657
1.06565
0.374896
0.566033
0.533692
0.696163
0.577986
0.799006
0.898917
0.451386
0.166516
1.76017
1.24651
2.46509
0.0805171
1.9058
0.38389
0.201469
0.139611
0.28785
0.27935
1.30709
0.632896
1.48528
0.195837
1.36106
0.292514
0.344108
0.654488
1.01548
3.79278
0.0553708
0.29344
1.33704
0.387373
1.1914
0.0363432
4.03296
0.0334593
0.275191
0.424797
0.251332
0.2599
0.952708
0.029546
0.282366
0.433627
0.213026
0.561461
0.277089
1.39726
0.196128
0.735854
0.2453
0.250365
0.17825
2.10921
1.65504
0.0262211
0.234598
0.346957
0.00831188
0.815486
0.657537
0.207545
0.997783
0.558657
0.744076
0.230271
1.42135
0.0349564
2.37586
1.18049
1.08033
1.80532
0.0889444
0.438754
0.0742489
0.33549
1.60532
0.53203
1.41945
0.703666
0.126044
1.2312
0.380952
1.51745
2.56952
0.396135
1.09508
0.127019
3.08384
0.712581
1.05364
0.378837
0.0159582
0.192374
0.466468
0.104102
1.89452
0.483935
2.59559
1.0655
0.689518
2.08496
0.133582
1.00179
0.648079
0.365597
0.74493
0.327201
0.0232269
1.3569
0.119006
1.46634
0.159268
0.121005
1.18368
0.1818
0.0583959
0.821357
0.516515
6.34464
2.11903
0.0828978
0.869564
1.07915
0.115298
0.0190147
0.314768
4.72543
0.64798
2.11346
0.180288
0.646665
0.528518
1.93028
0.347684
0.896619
4.07692
1.32737
1.50325
0.0525627
5.35878
2.07246
0.253085
0.114405
1.67781
1.5286
0.726116
2.64256
0.116749
0.35872
1.36796
1.21809
1.28805
1.15826
0.389714
0.980485
0.630509
1.26576
0.500715
0.243617
0.633225
0.795353
3.79082
0.198556
0.632231
1.90426
0.845775
0.831652
0.321726
0.974016
0.450694
1.66531
0.57006
0.0486087
0.3302
1.52005
0.0672802
0.0056468
0.0386165
0.0334041
0.0157597
1.16732
0.151912
0.939131
4.27331
1.238
0.433172
1.01862
3.68706
0.0469761
0.746889
0.158362
1.55962
0.0336857
0.310624
2.6295
0.650906
0.0307526
1.61136
0.50597
0.0245018
0.0993582
2.3972
1.78056
0.395112
0.295644
0.284344
0.570733
3.88051
0.179368
0.132141
1.94316
0.0213754
0.482119
3.60144
0.477956
0.0860974
1.42195
1.6663
1.40339
0.626888
0.17099
0.363138
0.525149
0.0808823
0.698778
0.198619
0.745695
0.033955
1.3378
1.5213
0.67648
0.802458
1.71065
1.3328
0.772633
0.343072
0.0216667
1.16068
0.446246
2.65594
0.511529
1.46006
0.900185
0.795191
0.0608887
0.10018
3.02679
0.0047205
1.42308
0.513193
0.619413
0.0691845
0.648816
1.88192
0.927792
1.44126
0.288469
0.681634
1.31622
2.63892
0.466818
0.684639
0.905908
0.0448502
1.15086
0.0404545
1.95345
0.470834
1.65189
1.35559
3.41484
3.07272
0.165031
0.181726
0.109977
5.15421
0.688418
0.441261
1.84002
5.07508
1.0877
0.267259
1.33314
0.026716
1.35441
0.207098
2.62921
2.28136
1.10452
2.8035
2.19747
0.264717
0.786544
0.340302
1.27469
0.735891
0.545577
0.239813
0.480732
0.166654
1.58742
3.36419
0.631346
1.31779
0.376716
1.7724
0.381807
0.199987
0.260121
0.470315
2.01368
0.968643
0.207166
1.07728
0.0510378
0.719479
1.16413
0.768606
1.15184
0.309392
3.95947
0.554667
0.620535
3.23167
0.752403
0.490677
0.0626003
0.113757
2.43772
0.0383797
0.758999
0.391143
0.854792
0.23432
2.30945
1.05288
1.19733
0.33663
0.00542216
1.34498
0.378166
0.177056
0.67964
0.281352
0.510739
0.469671
0.213982
1.11169
0.133185
0.690391
1.55747
3.80203
1.21888
0.226899
0.442343
1.30145
3.50509
0.436993
0.0399553
1.26809
0.644634
2.24424
0.080735
1.42406
0.186938
1.60154
1.64838
0.886607
0.365795
1.86692
0.634327
3.52286
1.21703
0.117075
0.757729
0.563213
1.22172
0.314938
3.63829
0.858158
0.096988
0.113676
1.6142
0.0283356
2.24927
0.939407
2.38434
0.65888
0.862689
0.336367
0.587318
1.36151
1.62183
0.210068
1.42823
0.456474
0.359491
4.9658
0.182656
1.72336
1.04546
0.514361
0.17584
2.32102
0.408943
1.44715
0.178313
0.349929
2.38097
1.62267
0.0661451
0.305209
0.153669
0.869639
0.906553
0.214993
0.739213
1.72509
0.0791751
1.26279
0.045141
0.0386084
0.436783
0.333574
0.696009
1.04973
1.09525
2.3256
0.208439
0.457128
1.96204
0.126112
2.04284
0.517949
1.22218
6.21779
0.595346
2.10739
0.0949558
0.457715
0.669128
2.16086
1.21723
0.82391
0.72523
0.682956
1.30809
0.552232
1.80016
0.564487
0.177392
0.960693
0.0396253
2.08077
0.696753
0.0495595
0.771757
0.0795903
2.97591
2.12832
0.230912
0.789797
1.3292
0.280096
0.131845
0.147725
0.248797
1.90093
1.32582
0.314138
0.0783549
0.625389
2.89393
1.16325
0.512368
0.0295648
2.78084
0.463739
2.3933
1.6044
1.28437
0.737713
0.635595
0.172265
0.756671
0.802962
0.627469
0.146108
0.578872
0.279559
1.19993
0.236374
0.482071
0.201544
0.472495
0.0780536
0.98258
0.00545426
1.59143
0.200148
0.459125
0.799485
1.55327
0.0997871
1.94295
0.76281
2.00213
0.612082
0.197346
0.0958966
1.74714
0.218769
0.0921079
1.11695
0.36498
0.584559
0.823268
0.322193
0.349274
0.128786
2.46947
0.287618
1.14204
0.330378
1.27772
0.156314
0.863997
1.758
1.0011
1.17075
0.117912
1.91737
0.221563
0.810359
0.344987
2.15158
0.654668
0.390381
0.699645
1.56436
0.173298
0.555566
0.193029
2.04449
0.47699
1.7824
0.759522
0.499353
0.912393
3.26592
1.45942
1.1828
0.98638
0.310559
0.397827
0.803404
0.724853
1.85846
0.502196
1.46299
0.234401
0.400757
0.691608
1.0534
0.997268
0.113633
0.251623
1.31557
0.396816
2.5389
0.222163
3.86968
0.944899
0.22197
0.382621
0.0805551
2.26654
2.19668
0.434604
3.51061
0.660832
0.318636
0.358028
0.600605
0.0202535
0.541621
0.293369
0.277354
0.350708
0.240585
1.81636
0.203462
0.155807
0.0107297
1.08589
0.349634
0.862609
2.03064
1.12358
0.174248
0.789533
0.455584
1.41688
0.38095
0.0730094
1.51378
1.47218
0.355481
1.31982
2.41846
0.504633
0.533751
0.220016
0.308477
0.221265
0.411945
0.648213
0.0965787
0.265984
0.0562639
0.744845
0.338288
1.32456
0.273115
0.20172
0.196782
1.36899
0.376122
0.453577
0.0191352
1.47719
0.0326713
2.311
1.27178
0.581212
0.271222
1.18843
2.46324
0.679391
0.489569
0.885973
0.0686494
0.527502
0.270269
1.58215
2.45153
0.447432
0.285739
0.247275
1.29371
2.18198
0.930566
0.329968
0.550592
0.546396
0.209192
0.354521
0.132263
0.318656
1.27594
1.59392
1.54527
0.00538336
0.96828
1.7941
0.474977
0.644136
0.0782749
4.70627
0.12018
0.0666008
0.127072
2.52824
0.337797
0.644862
0.583905
1.74362
0.987537
0.426488
0.694716
0.512577
4.94543
4.1355
1.29069
0.756131
0.398301
1.73022
1.00806
1.59052
0.551387
0.628699
1.80829
0.277591
0.00718283
0.022061
0.181826
0.816343
0.0223748
0.0230797
0.0412535
1.55698
1.10659
4.97535
1.60015
1.42538
0.307166
0.857995
0.365377
2.07913
2.34752
0.858991
0.54052
0.79393
0.0621675
0.15521
0.334841
0.523453
0.182442
0.018116
0.251751
1.86305
1.65085
1.06885
1.29157
1.02801
1.79681
1.98869
0.310292
0.172248
3.2107
1.16518
0.175122
1.10649
1.2979
0.0234483
0.900365
2.78283
0.182124
0.679643
0.63557
0.479325
0.119491
0.0804847
1.7875
0.457755
0.885697
1.872
0.295812
0.792498
0.904183
1.63969
0.873835
0.848607
3.84776
0.728302
4.43841
1.58828
1.75724
2.27349
1.46873
0.2493
1.66928
0.554806
0.406866
0.764271
0.570783
2.00823
0.208307
0.498079
3.50753
2.03532
0.362466
0.489947
0.975245
0.611485
0.610676
0.150505
0.0324575
2.64376
1.46829
1.72452
3.38073
0.245045
0.49473
0.244576
0.211447
0.604819
0.909887
1.69568
0.984388
0.836586
0.893153
0.265036
0.766522
0.486991
1.46018
0.0454721
1.00702
0.490754
0.169871
2.37339
1.16198
0.521561
1.60051
1.77751
0.304449
0.126362
0.598466
0.304598
2.07813
0.041034
2.22118
2.1511
0.843663
2.41358
0.909732
2.6971
0.287225
0.618906
0.662294
0.0378965
3.19425
2.28479
0.180422
0.595494
0.227173
0.968611
0.064858
2.11168
0.368542
1.44444
0.811392
2.07832
1.38093
1.56936
0.315211
1.16054
1.03786
0.605323
2.17271
0.616115
1.15818
0.288482
0.682485
0.471991
0.194784
0.721808
0.445255
0.379606
0.0325255
1.13185
0.945041
0.259036
0.900614
0.0808289
2.22756
0.0994788
0.168103
3.61096
0.854829
0.369
0.228394
1.28279
0.110005
0.0289393
1.20175
0.929344
0.186743
1.9061
0.978653
0.041869
0.323849
0.579809
6.48775
1.20467
0.884701
0.318094
0.589034
0.00739257
0.264997
0.270599
1.91522
4.38565
0.38995
0.541149
0.380003
0.340073
1.77096
2.04309
0.175474
0.782392
1.11536
0.399531
0.191686
1.25358
0.824751
0.730076
2.66699
0.186189
0.213836
0.322376
1.39711
0.361105
0.7393
0.589952
0.871746
0.0742567
5.67439
0.206568
0.0453073
4.69954
0.690907
5.10647
2.83388
0.0566408
2.56303
1.17988
0.76716
0.339905
0.51303
2.90637
1.17442
0.207714
1.87826
2.13776
0.0875263
0.510445
1.04401
1.11516
0.0424349
0.098505
0.177649
1.88974
0.36294
2.72703
0.000847816
5.06493
1.6009
2.2779
0.298924
1.6194
2.02816
0.263202
0.458519
4.30711
0.274299
0.666627
2.03136
1.82349
0.625575
4.35702
0.0475332
0.685542
0.240117
0.131574
0.844201
0.148225
0.538349
0.585395
2.97402
0.838241
0.540212
0.857768
1.00844
0.800831
0.865557
1.70403
1.29907
0.0829969
1.62208
0.0733063
0.223458
2.36867
0.697431
1.91643
0.374521
0.58929
0.162522
2.88758
0.801244
3.18681
1.33374
1.34788
0.259238
2.0305
0.336596
0.0782826
1.33427
0.10768
0.238722
0.414023
0.0745926
0.454843
0.550342
1.35142
1.59606
3.4979
0.418537
0.683087
0.26186
1.76874
0.944906
1.91611
0.495665
5.04808
0.724575
0.190948
0.531418
0.0590932
0.292827
0.426505
1.46137
0.591029
1.57374
0.574955
1.31548
0.391788
2.21805
3.51699
1.42127
0.34311
0.330775
1.84671
2.1385
0.309516
0.641642
0.195195
0.674746
0.796546
4.18244
0.0251615
0.265775
0.0490356
1.84251
0.923874
0.0821443
0.117473
0.840243
0.689624
2.9176
0.48691
0.305984
0.181167
1.86547
0.341277
0.153858
0.52587
2.65929
2.10407
1.91892
0.517303
0.933938
1.12356
0.224937
0.155139
0.0568811
0.953003
2.01353
0.0422525
1.47575
2.04322
1.5453
1.7675
0.797073
2.51713
0.47789
2.62978
1.63815
0.156227
0.328274
1.8386
1.64113
0.0816817
0.123383
0.602682
2.18656
0.37478
2.03774
1.00368
0.685788
1.7325
0.919861
0.542244
0.458358
3.71151
0.121837
2.1598
0.139752
0.750882
0.089408
1.85552
1.13685
2.30719
2.00453
0.573008
0.444539
0.428393
1.9851
0.0245433
2.28472
0.205963
0.1465
2.29445
0.13491
5.04021
0.674396
0.131009
0.84131
1.00229
0.168432
1.4709
1.03592
3.54441
1.73154
0.329571
2.24724
0.69645
0.380014
0.313554
0.0776165
0.0143748
0.619104
0.28343
0.855813
0.732454
2.10682
0.250267
0.441206
0.576183
2.47274
0.921338
0.951581
0.601237
2.02122
0.261477
0.249723
0.144295
0.298657
0.379321
1.29272
1.13779
1.26924
0.908851
0.269236
0.252304
1.87819
0.123092
0.319746
0.218561
0.3452
0.20529
0.190374
1.2796
0.0729542
0.851878
0.806021
0.018643
0.314159
1.97538
0.881213
0.377929
1.10666
1.43916
0.156098
0.43888
0.290282
0.153032
1.26371
0.277286
0.927873
0.443395
1.95846
0.208928
1.62092
1.82491
2.48818
2.20161
0.624914
1.32258
0.272174
1.45257
2.99243
1.1105
0.412166
1.17935
0.245314
0.70321
0.311077
0.253878
0.578153
1.93053
0.261869
0.023244
1.31615
1.64239
0.257332
0.893521
0.0326631
0.0485096
0.123171
4.89807
0.221895
1.17755
1.54094
0.491339
0.872949
0.673463
0.216328
0.545493
0.869226
0.432618
1.51165
2.57946
1.568
1.06189
0.716238
2.13127
0.139558
1.29342
0.324308
0.0733066
0.890961
0.850456
0.199189
0.361848
0.557099
1.27882
0.548087
3.67263
6.54049
0.952938
0.111056
0.120031
0.356483
0.0499559
1.5506
0.171763
0.0883258
0.303705
0.681764
1.85696
1.02237
0.00706487
0.889253
1.44096
0.429988
2.20807
1.24297
0.809579
0.818587
0.76002
0.856543
0.838975
0.176797
0.175669
0.219228
0.843051
2.75042
1.17814
2.16379
2.48451
0.729247
0.0720344
0.0825725
0.352964
0.257645
0.0712056
1.90303
0.0450387
0.755491
1.41082
0.90422
0.981499
0.403243
2.55553
1.74205
4.09319
0.106561
2.60369
2.00584
1.29693
0.563995
0.161648
0.401313
0.00775486
0.0590514
1.24998
0.0564316
1.38626
1.37037
2.49309
0.697976
2.00684
0.539763
2.0798
0.577501
0.622604
0.669881
0.480355
0.637663
0.0923632
1.7467
0.0505532
1.18825
0.0954346
0.430546
0.929191
0.621251
1.3516
0.310115
2.30989
0.46229
0.0908545
1.27892
1.74131
1.52193
0.734589
0.675706
1.81005
1.03703
1.18301
2.49778
1.56381
0.93834
0.872267
1.73542
2.26992
2.93701
0.655966
0.956903
0.697119
1.62891
0.905689
2.19738
2.33637
0.962413
0.101643
1.08465
0.0357865
0.226812
0.946928
2.85356
0.432381
0.232394
0.672878
0.332178
0.118036
0.285678
1.73689
0.404187
1.44392
1.58469
0.537678
1.25321
0.0730341
1.46995
1.28132
0.0661889
0.656827
2.40038
0.652261
0.658117
2.68996
1.67027
0.0952721
0.18513
0.929412
1.76261
0.625065
1.07338
0.496379
0.418472
3.20356
2.81545
1.11109
1.01399
0.504552
2.71013
1.03558
1.32432
2.21167
0.0956705
0.918671
2.2709
2.49499
1.15023
0.0630443
2.16129
0.127018
1.55763
2.61059
2.12547
0.515374
1.71387
0.937388
2.84514
2.59295
1.11152
0.828407
0.608978
1.19081
1.70039
0.927095
0.268016
3.27392
1.0161
0.519074
0.314619
2.76993
0.255537
1.35255
0.735395
4.04986
1.21811
0.659545
2.66984
1.66333
1.36981
0.713385
1.4754
0.294265
3.84893
1.34414
0.259668
1.22731
0.495596
0.54653
0.19936
1.47055
0.144111
0.428383
0.769103
2.30912
2.43376
0.516228
0.872652
2.72907
1.51044
1.09835
0.724707
0.593272
2.34423
0.296031
4.14657
1.50974
0.489806
1.76884
0.74626
0.663998
1.72934
1.22627
2.0795
1.6181
0.179344
0.581708
0.150488
0.0268827
0.0908392
1.76276
4.31097
2.83707
0.0684855
0.734952
0.227691
0.384617
0.707252
0.841216
0.431116
0.886439
2.05772
1.54196
0.895525
0.678155
3.43865
0.35563
0.266197
2.95031
0.0994227
0.167709
1.47996
0.116842
0.978526
1.63511
0.23185
2.53652
0.071579
0.7594
0.271783
1.26038
0.322567
3.49162
0.19712
0.0330569
2.74264
1.03987
1.14436
1.41381
0.0955668
1.53735
1.82063
0.417253
0.0265802
0.608243
0.568305
1.916
2.69879
1.32131
0.148239
1.6795
0.687294
0.629772
1.73669
0.524486
0.748932
2.43226
2.38849
1.70234
1.30797
2.22118
0.114015
0.13807
1.1952
0.206038
2.51144
0.734046
2.58605
0.0383327
0.0802114
3.44159
1.10062
0.1752
1.26694
0.145575
0.377276
1.54079
0.600031
0.0790143
0.0360405
0.42597
0.174451
0.459288
0.822112
0.515794
1.65026
0.0883425
0.485586
1.21154
0.251843
0.779243
0.417915
2.69633
0.832746
2.44976
2.4575
3.56003
3.96382
1.67027
1.66939
0.853659
0.20804
3.0422
1.46544
0.487398
1.07434
0.993347
0.598466
1.25726
0.45968
0.201522
0.214007
0.880201
1.14476
0.25427
1.29594
0.746859
1.07723
0.224519
0.771961
0.49402
1.75283
1.55603
0.736077
0.741088
1.89472
0.380577
0.125662
0.0154519
0.820222
1.36621
0.781304
1.56367
1.33171
0.286818
0.0811824
0.54346
1.01564
0.516549
1.34392
0.743424
1.88719
1.06183
1.30804
0.396534
0.573772
1.32988
1.15647
0.828864
0.0673474
0.0157718
0.817538
0.194805
0.374181
0.913244
1.87113
1.61844
1.51901
0.291205
0.0511645
1.7717
0.0451892
0.0924982
0.498552
1.15749
1.51019
0.910371
1.39531
0.641528
0.338554
1.21643
2.00524
0.349666
1.23129
0.110275
0.538602
2.38552
2.51531
0.208075
1.18218
0.939781
4.43227
1.20273
0.582278
0.973904
0.688195
1.30116
0.586281
1.03685
1.35866
0.334364
1.29009
1.4859
0.196227
0.290752
4.08999
0.0305201
1.17961
1.19959
2.46861
1.82122
0.197941
0.625935
0.246227
1.01128
0.125056
0.9021
0.816433
0.510507
0.120192
0.78241
0.813279
0.110911
1.02773
1.97824
0.107294
1.17408
0.456046
0.385329
0.0764997
4.48424
0.0835595
0.149761
0.520838
0.0708695
1.66173
1.06223
0.900778
0.14209
0.103178
2.35796
1.45366
0.495235
0.0277902
1.99574
0.933199
0.293421
0.880721
0.40957
1.53641
0.587939
0.415966
1.73524
1.32969
0.421411
2.17696
1.56743
1.89604
4.1722
3.34956
0.442429
1.00867
0.674888
0.123421
0.522611
0.531604
0.959306
0.862984
0.352471
0.281129
1.53104
1.07619
0.01064
0.845277
0.439357
1.91185
0.504656
0.0215174
0.127088
0.0490303
0.523958
1.49428
1.92934
0.348628
2.10806
2.44824
1.16814
0.0523746
0.0577223
0.805891
0.673839
0.382437
0.503076
2.32062
2.44349
0.450212
1.21627
0.941934
0.321065
0.692074
0.708885
0.236002
0.70936
0.209331
1.76348
0.905454
4.1522
1.31542
0.0159396
0.121598
0.129593
1.70322
0.400279
0.414308
1.13537
1.03836
0.560337
1.40352
1.52064
1.23216
2.72403
4.69213
1.19629
0.117441
0.245797
0.333804
0.394509
0.651892
0.159636
0.864337
0.412237
0.0676089
1.13723
1.94508
1.22344
0.801763
1.21818
0.316251
0.421308
0.688327
0.678587
0.421818
0.910295
0.793156
3.40631
0.605767
1.70707
1.26698
2.27141
0.237281
0.0700889
0.350634
0.558322
5.54344
3.086
0.989994
0.0182198
0.710061
0.193391
0.0271395
1.23429
0.753344
1.74862
0.39131
0.972727
3.67224
1.40315
2.74868
0.300353
1.45525
0.652853
0.839898
1.53448
0.124861
0.203659
0.664549
0.392902
0.501397
0.120712
0.118051
1.41631
0.442621
1.77729
0.601716
2.37618
0.590995
0.170955
3.0149
0.359879
0.376826
0.111998
1.88607
0.1227
0.731761
2.30195
0.484048
0.965702
1.72162
1.39132
0.191949
0.120137
0.399269
3.12584
1.23768
0.640607
1.01328
0.761014
0.59086
0.10947
0.684105
1.30952
3.89881
0.0555705
1.92086
0.222305
0.0299859
0.313115
0.218582
0.097795
1.92817
0.223456
0.461978
1.58546
0.468749
1.42324
0.635351
0.332156
1.5563
0.403209
0.0380211
0.873808
0.154231
0.277374
0.0948599
0.11948
1.65411
0.342894
2.41462
0.06447
1.91739
1.70015
0.929022
1.34992
0.24851
0.565594
0.232507
0.287599
0.686975
0.180284
0.666592
1.43155
1.70865
0.309166
1.57955
0.270999
1.02624
0.399122
0.758
0.558346
0.343606
1.09781
0.28129
2.59836
0.966332
0.199448
1.52477
1.52704
0.181334
0.934879
0.207822
0.0893055
3.34137
1.51257
0.989487
2.51288
1.4733
0.192349
0.0416422
0.939115
1.61721
1.69438
0.534789
0.105937
2.3388
0.264022
0.051269
0.20374
1.05956
0.0463908
0.21671
0.959471
0.0431794
0.315781
1.80455
0.0674314
1.90818
0.1464
0.0833762
0.48573
0.413697
1.38454
0.727416
0.156849
1.28258
2.09205
0.0969994
0.761526
1.07601
0.782966
1.26757
1.9201
0.732029
0.618094
3.49687
0.921104
1.21414
2.03914
1.16121
1.09236
0.819667
0.453362
0.275794
1.24448
0.467918
0.723336
0.343296
5.48207
0.291117
3.04831
0.262939
2.15379
2.61412
2.80601
0.218409
1.33296
1.18699
1.25043
2.12572
0.439409
0.0254595
0.141064
0.0078921
0.186975
2.46022
1.05018
1.66064
0.0406173
0.197061
2.02843
0.663039
0.552533
0.181111
0.0543979
0.529196
0.0445771
1.22766
0.135392
0.307878
0.616256
0.542427
0.150902
0.288877
0.867913
1.11802
0.188781
1.14291
0.101274
2.16722
0.450571
1.79632
0.916104
0.999243
0.0906681
0.948037
0.244255
0.54735
1.24632
3.16625
0.402762
0.236098
0.737478
0.170581
0.556909
0.369429
1.16961
0.527459
0.599388
0.0159159
0.0653993
1.60491
0.798398
0.666551
0.387525
1.25216
2.49584
0.523751
2.07574
0.0371784
0.861726
0.480894
0.257922
0.375064
1.88486
0.389143
3.97729
1.07749
0.49569
3.98828
1.61704
2.43636
6.59324
0.31911
0.759811
1.1094
0.690318
1.30842
1.78607
0.533677
1.71179
1.68801
0.247264
0.94599
0.228177
0.283043
0.355242
0.120999
0.224363
2.30774
0.185624
0.607831
0.398713
0.0473771
3.42934
3.41495
0.978373
0.315265
0.504225
0.618897
0.990211
2.18847
0.946997
2.19995
0.371509
1.58937
3.30009
0.697176
0.0462936
1.19762
0.80228
2.51476
2.26328
4.45316
1.00195
0.0472002
0.0816492
3.81686
1.09404
1.0861
1.46171
0.745031
2.24237
0.0498441
0.691155
0.824427
0.0130022
0.38856
0.179254
1.36057
0.319366
1.33744
0.181168
1.09587
0.701521
3.22372
0.430615
1.3298
2.59427
0.704685
3.20962
1.08808
1.94086
0.280051
0.102065
0.787629
0.227896
0.81053
0.663753
0.0892791
1.12797
0.313046
0.74328
0.208534
0.83382
2.05495
0.0683133
1.12079
1.6247
0.783657
0.539455
1.26784
0.518168
1.21966
0.556926
1.37371
1.35348
1.56485
1.82514
1.67495
2.066
2.74652
0.693824
1.42716
1.14068
0.698985
0.163137
0.211064
0.134252
1.31832
1.17592
0.428919
0.238829
0.216823
0.525952
1.89788
0.349425
0.650053
1.25338
0.436996
0.903036
2.62527
0.259087
2.83402
3.48074
2.41833
2.08766
0.113825
1.53289
0.369873
1.2349
0.0841963
0.696622
0.170156
4.05556
0.218972
0.5863
0.024826
1.63808
0.539611
6.11299
0.367176
0.489935
0.442605
0.295411
0.819033
0.325994
0.471519
0.0830741
0.613442
1.14363
0.384883
0.495617
1.50724
1.37498
0.378141
1.46783
4.89895
0.187839
1.19237
1.14375
3.04598
0.339052
1.57498
4.42119
0.0883903
0.520313
0.926252
0.954502
0.186585
0.156023
3.14734
0.825771
3.73512
0.0429228
0.227997
0.312294
0.318875
1.34879
1.08181
0.110569
1.54116
1.76037
1.385
0.245492
0.765657
0.0804699
0.934813
1.7007
0.366983
0.907276
0.0428066
0.297756
0.317293
3.18046
3.13409
0.200527
0.290531
1.20327
0.465964
0.217853
2.4511
1.402
0.160329
1.06555
0.634994
2.59087
0.583851
0.948948
0.35992
0.24461
0.192567
0.563045
3.40907
1.2603
0.164856
3.39331
0.150787
0.576944
0.122523
0.270752
0.48431
1.57094
0.048558
0.713088
0.55575
0.0184331
1.70805
0.0726466
1.55359
2.66148
1.62736
0.545136
0.268071
1.6462
0.300665
1.70081
0.681537
3.81792
0.138855
0.75238
0.815628
0.57406
1.11554
0.156557
0.574883
1.29209
2.39475
1.14506
1.10973
3.93853
0.193134
0.383326
0.590082
0.215168
1.63823
0.417681
0.669134
1.4775
0.105857
1.00394
0.52666
1.19557
0.104308
1.38263
0.695997
0.609368
0.00732558
0.905552
3.32675
0.452807
0.00634521
2.02518
0.832538
0.441849
0.429223
1.24263
3.94852
0.277015
0.26947
0.443919
0.59253
1.42833
0.0351063
0.327753
0.252337
2.63364
0.824974
0.384655
0.287277
3.99569
0.378732
0.648004
0.656759
0.323044
0.707242
1.43464
2.46844
0.262674
1.52284
1.62828
3.17528
0.140178
0.197403
1.46887
0.243828
1.4685
1.49481
2.39523
1.05681
2.42791
0.372453
1.02379
0.151921
0.0400767
0.368969
1.31511
0.720953
2.26749
1.29914
0.180194
0.583138
0.0872853
1.88372
0.0577251
0.158303
0.197158
0.690926
0.65606
1.18479
0.215743
1.56465
2.19836
0.630987
0.362768
0.483002
1.73579
0.990812
1.35972
0.852961
0.704098
0.0131042
3.69968
0.364423
0.856409
0.198774
2.6513
1.92982
0.283504
0.212296
0.271382
0.133618
1.23937
0.399046
0.23748
1.23634
0.290754
1.38729
0.168725
3.02704
0.90998
0.126856
0.349534
0.834845
1.1054
0.318171
0.304355
0.478652
3.19981
1.71543
0.247688
0.480888
1.03259
2.43886
0.171051
2.05222
0.0541464
1.94643
0.121717
0.584526
0.0868521
0.0810451
0.615531
0.759399
0.571242
0.705698
0.0787391
0.599042
0.36187
0.97936
0.604813
0.641854
0.246018
0.665905
0.426282
1.30098
0.988384
3.35681
0.706832
1.35047
0.0906503
3.82463
0.918637
0.44337
0.188019
0.633791
2.96076
1.69758
0.436749
0.0186785
1.64058
2.46984
0.24195
0.00481676
3.3429
0.856367
0.141108
0.427831
0.384083
0.418269
1.45652
1.38802
2.26414
2.26845
2.74982
0.15284
0.382157
1.0228
0.970795
1.62609
0.827656
0.326229
3.57006
1.59111
1.23536
0.243326
0.205246
0.11412
0.276573
2.37454
0.482071
1.20714
0.994094
0.736274
0.876201
2.6429
0.298547
0.780688
0.110394
2.07385
0.027985
0.159103
0.56095
0.357116
3.81865
0.795449
0.451691
0.571735
0.720221
0.864655
0.215941
0.151774
3.97713
1.61509
0.284075
0.386922
1.04627
0.0886881
0.0572833
0.320108
0.000204483
1.3015
0.00488594
3.21115
0.329848
1.63607
0.406657
0.0138654
1.05419
2.4344
0.634841
0.411958
0.450921
1.67991
1.48364
0.592464
0.190131
2.05045
0.190321
0.217936
0.757315
0.802871
1.75029
0.0203912
3.08736
0.339468
1.89149
0.0607159
0.141593
1.23509
2.43116
0.80392
0.190798
1.43912
0.992617
1.53528
2.15676
0.311545
1.58246
1.39757
2.18832
0.044563
0.0198025
0.383607
0.640629
0.25286
0.847453
1.20134
1.82866
0.301787
0.782241
0.00330855
0.000481657
0.0707881
1.26169
1.61037
4.24976
0.497489
4.10885
0.179133
0.130113
1.68517
1.68223
2.10399
0.6349
0.512503
0.0927522
0.0130283
0.884482
0.265018
0.207301
0.129318
2.90631
0.659252
0.396697
0.13794
0.716566
0.0861339
0.175042
0.655695
0.101228
0.260391
1.34443
0.491446
0.347745
1.82301
2.82988
0.846048
0.0696301
1.75315
2.7373
1.25137
0.789982
1.33964
1.24108
0.425052
0.39494
0.10702
2.64137
1.4062
0.239364
0.0933652
0.459633
3.94024
0.894927
0.137261
1.29322
1.45348
0.0495253
0.0361517
0.765467
2.28424
3.29946
1.53617
0.457163
1.23819
0.371789
1.51168
0.108573
0.30306
1.51922
0.028126
0.444027
0.681979
0.0604388
0.94146
0.2689
0.761529
0.202417
0.900376
1.15234
0.262319
0.426183
0.627473
0.420897
1.99727
1.51034
0.407545
0.828707
1.39576
1.28998
0.163198
1.45113
0.824016
0.423482
2.01253
0.670772
0.925148
0.0119549
0.073385
0.325274
1.5007
0.315146
0.213816
0.537162
0.999372
0.47959
0.159612
1.98855
0.7268
0.237465
0.632126
0.779022
1.40338
0.0781085
0.171894
0.949199
2.09269
0.0743704
1.73853
0.0360648
0.679707
0.60629
1.06571
0.664427
0.912559
1.94896
0.207745
0.291908
1.36788
0.499378
1.41728
1.17155
0.315363
2.98074
0.330535
0.563988
1.89858
2.18369
0.0733991
0.183242
1.33487
0.221726
0.903871
1.03173
0.413453
1.20123
0.0187305
0.175141
0.250474
0.771316
0.633336
1.34552
1.93463
2.0354
1.11492
1.3987
0.790985
0.272294
0.55241
1.58571
0.444053
0.430164
1.62944
3.3094
0.668117
0.488464
1.13136
0.0684887
0.210336
0.450127
0.281336
0.199001
0.97335
0.565352
1.83594
1.68771
1.3949
0.652778
1.0676
1.77501
0.0391739
0.60753
0.554337
1.39788
0.556924
0.819413
0.275159
0.655909
4.91372
0.802536
1.42694
0.843293
0.385169
0.450938
0.157764
0.895529
1.5261
1.28002
0.850596
0.240747
1.63005
0.8777
0.341046
1.3274
0.00216786
2.13102
0.387717
0.23168
1.44007
0.00496651
0.501645
0.568291
0.425905
0.135329
1.32734
2.9805
1.72604
0.0481017
0.744115
1.91383
0.653036
0.0261557
1.5964
0.597505
1.11664
1.00604
0.371142
0.420998
0.486511
1.03757
1.17002
0.177512
0.650418
1.18376
0.198661
0.300195
2.09784
0.182444
3.05274
2.42638
3.12657
0.392384
0.812572
0.152804
0.248123
0.395889
0.148133
0.581953
0.0966833
3.17305
0.00617105
1.43541
0.645347
0.564888
1.00558
0.0870729
0.229927
2.878
1.51993
1.39089
0.251785
0.926608
0.309616
2.73841
0.434434
0.918236
1.06341
2.92952
1.68123
0.427442
0.814668
3.51327
0.0097279
0.760704
0.20099
1.24709
1.04698
1.47857
0.754341
1.04717
0.650442
3.83577
1.22419
0.811614
1.62605
0.187764
2.92377
0.310872
0.202443
1.67115
0.145217
0.184001
0.0762639
0.758086
0.50836
0.172945
0.339202
0.375501
0.575843
0.127284
0.554545
1.66787
0.191321
0.499557
0.223322
1.00767
0.800193
2.54716
1.80733
0.233141
0.677995
2.09677
0.0683014
0.261664
3.07122
1.02914
0.940681
0.0172881
0.0524461
0.808778
3.0083
1.27681
0.170575
0.195662
0.0950662
0.998238
2.98063
1.64046
1.27787
0.180879
0.0319437
1.63442
0.0923389
0.464116
0.460866
0.256186
0.175629
1.1335
0.734615
2.58373
0.551839
0.733906
1.36023
1.20856
0.615452
0.92871
0.00846005
0.646871
0.609672
1.82597
1.26955
0.9743
0.758796
0.0481159
1.40606
1.5043
0.398306
0.509331
1.34977
0.372019
0.483607
0.701793
0.597857
0.134374
0.375632
0.745438
0.126475
1.45164
2.25292
1.37428
1.31689
2.74123
0.465895
0.151546
0.528831
1.8663
0.759787
1.18598
0.277469
0.239864
1.7106
1.06478
0.687128
0.154975
0.419228
3.08842
0.03521
0.436462
1.29721
0.864877
3.78458
0.100122
1.19813
0.783658
1.14288
0.240781
0.867494
0.0918801
2.1318
0.105603
0.37098
0.0329023
0.850758
0.0321338
0.216776
0.312384
0.528322
0.322302
0.235727
0.0624531
1.22757
0.511734
2.27858
1.65369
0.311715
2.12138
0.09586
1.78882
1.14399
0.628945
0.53644
0.331273
0.022682
0.69107
0.410201
0.645947
0.459162
1.33217
0.0474642
0.267922
0.603965
0.154706
1.56908
1.09095
0.40397
0.90414
0.471685
0.888534
1.8201
1.59934
0.597977
1.27882
1.17232
0.387617
0.972515
0.188373
0.440227
0.911897
2.10301
0.00934035
1.64498
2.85214
0.648796
0.272894
0.101678
0.488105
1.40513
1.54049
0.149698
0.900727
0.733301
0.0697826
0.458934
0.0808118
0.0787795
1.55385
0.76168
0.5867
0.226795
0.290782
0.610742
0.221312
0.228486
1.15152
0.0311218
0.371298
0.313346
0.852862
0.147111
1.49603
1.51471
0.577007
0.438647
0.151313
0.499423
0.442139
1.82155
0.195023
0.143736
0.0161157
1.55558
0.148803
0.660593
0.929381
0.421547
0.279418
0.205546
0.0566892
0.742395
1.06059
0.0620206
1.21854
1.58754
0.201636
0.405178
0.0778079
1.40129
0.980606
0.171102
0.420416
0.753299
1.53271
1.13
1.53876
0.921774
0.483679
0.581023
0.803756
0.884336
0.516414
1.53454
0.189538
1.55601
1.07468
3.78635
0.170032
0.177778
0.955073
1.22785
0.191873
0.90119
0.385217
1.32869
0.152127
0.84627
0.71208
1.40161
0.298322
0.160099
2.612
1.20844
0.682843
0.589246
3.46947
0.949531
0.831808
0.37433
1.3263
0.962396
1.54017
1.01562
0.343942
2.44235
0.35576
2.27192
0.184559
0.432652
0.342056
0.949198
0.557334
5.12175
2.92998
0.191032
2.81056
0.929405
1.29617
0.319763
0.184244
0.902561
0.0882328
0.444528
2.60951
1.57979
0.659898
2.42051
0.511643
2.12899
0.193279
0.795325
0.971621
0.820089
5.47798
0.61778
0.0351532
0.417843
0.659336
1.07967
0.329712
1.45098
0.399594
1.23568
0.842821
0.770663
1.41719
1.34221
1.41845
2.48013
0.294617
2.45742
0.22975
0.785865
0.382037
1.91648
0.507446
0.533074
0.598608
0.852076
2.21871
0.092879
0.0792737
0.409862
2.60555
2.06375
1.18415
3.95933
0.462222
0.752896
0.692926
2.25277
0.571667
0.74611
0.891663
0.806125
0.818182
0.369253
0.353434
0.0839548
1.66519
1.56708
0.4607
1.8661
2.70791
0.157827
0.177175
1.40214
1.76192
0.526828
0.416433
0.0556149
0.302019
0.556455
0.779896
1.155
1.49962
1.63203
0.678104
0.865146
0.00555395
0.444734
0.324751
0.406869
0.394402
0.528531
0.700611
1.75334
0.350784
0.669375
0.217539
0.0236854
0.279807
0.0391052
0.109524
0.0713232
0.388964
1.17307
1.01393
1.0291
1.03836
0.903925
2.56953
0.158861
2.3811
0.512367
1.48091
0.302665
0.678892
3.38339
0.184063
5.99324
1.28819
1.44861
2.02177
0.0204876
1.17671
0.544431
1.27256
0.466331
2.39818
0.520935
3.57421
1.83005
0.590302
1.37037
2.01626
0.36304
0.599159
2.00459
0.671716
1.11274
0.228824
1.38644
0.377036
0.2698
1.68506
3.84879
0.266885
0.245531
0.459944
2.25751
2.46826
1.59179
0.390979
0.828348
0.578597
0.0516594
1.47635
0.742132
0.206119
2.06917
0.475265
0.159547
0.587148
0.886554
1.44682
0.617349
1.18275
0.850361
1.60671
0.407713
0.0131756
2.32953
0.279135
0.510035
2.61747
3.13791
0.987045
0.885413
0.895346
0.151921
1.99787
0.598353
1.21306
0.518922
0.370507
0.865395
0.869907
2.52503
1.04588
0.540569
0.0553751
1.03432
1.38683
0.280706
1.09902
0.723086
0.816398
0.194475
0.846763
1.65044
2.20047
0.41056
0.775918
0.35202
3.38545
2.06114
2.06919
0.542047
5.27778
2.25336
0.183314
2.96965
3.63602
0.0467406
1.42476
0.488719
0.147669
2.04085
0.366457
2.54509
1.44677
1.6766
1.37232
0.623015
0.870158
0.15629
4.03759
1.84736
0.525692
1.34473
0.157462
2.89496
0.0364851
1.10918
0.658937
0.243739
0.408338
1.30883
0.304861
0.949618
1.04643
0.505603
0.419041
3.12956
0.373717
1.50391
0.418417
0.0836532
0.00155569
0.720144
0.938084
0.25331
0.430222
0.301059
0.758932
0.328774
0.391458
1.71452
1.21504
1.80704
0.191143
0.88657
1.29693
1.35175
2.47636
1.45868
4.88957
0.342267
0.0300553
0.126081
1.64681
0.0392858
4.0878
0.153956
0.69354
0.0627577
1.24341
0.215481
0.103915
1.15409
1.13326
0.617724
0.252291
2.49234
0.899213
1.09522
0.505534
2.36642
0.672189
0.968059
0.0613067
1.96299
1.83028
0.0380773
0.354062
1.48562
2.24267
0.051316
0.420473
0.460288
0.250467
0.990761
1.40344
3.09998
1.40103
0.423842
2.02624
0.980229
0.47725
0.593667
0.722579
0.492348
0.420124
0.875332
0.132416
0.423913
0.0921339
0.190302
1.22377
0.887266
0.309078
1.87591
0.115187
1.50655
0.16064
0.820803
1.16755
0.724126
0.18421
1.29873
0.826836
0.453813
0.366825
1.98337
1.86994
0.0479423
0.284103
0.823583
0.0458861
0.0257194
0.899063
0.431159
0.504361
3.12021
0.124327
2.56087
0.0401091
0.271585
0.709688
0.938816
0.730437
0.59461
0.385113
0.241812
0.55403
0.988322
0.620145
1.05015
1.00659
0.983631
1.82937
1.79086
0.383297
0.135059
0.42556
0.039389
