Exponencial_v2
0.347481
1.27771
0.131503
0.283124
2.14745
4.23959
2.25882
1.51236
0.0516433
0.51095
2.36883
1.02619
1.03258
0.442807
0.63951
0.273593
3.09597
2.28341
0.5146
0.122084
0.0805344
0.400722
0.831809
0.300346
0.961491
0.904666
2.01057
0.0944584
2.36825
1.04638
0.43195
0.137711
0.585623
2.95278
1.01244
0.27238
0.654971
0.689484
1.74937
0.033581
0.23319
0.0632823
0.548922
0.684742
1.11281
0.228103
0.00398603
1.61533
0.0606345
0.162306
0.574919
0.605154
2.27409
2.77595
0.838581
2.33268
0.75872
3.09683
3.08218
0.0435444
0.22718
1.64293
0.580128
0.275932
0.653561
0.429136
0.125098
1.31498
0.127101
0.708129
0.399914
0.604949
0.325246
0.344055
0.440959
0.26125
0.0405395
0.0892182
0.647481
0.741853
0.350967
1.03751
3.69394
0.493828
2.00982
0.480794
1.30673
0.206317
0.17029
0.257724
1.39484
0.102166
1.56329
0.676897
0.672928
4.60953
3.30462
0.49989
0.0430726
0.226598
1.35513
4.94664
0.0196716
0.656539
0.203407
3.41681
0.362215
0.106029
2.1025
4.10072
0.240775
0.0206104
0.832908
0.0340792
0.310344
0.0275425
0.0892596
0.267295
0.928861
0.04645
0.498941
2.10615
1.87009
0.19867
2.43648
1.6065
1.11236
0.0200926
0.85451
1.10906
2.34457
2.52635
1.46216
0.0426675
0.807748
0.116171
1.14607
0.37147
0.243433
0.342393
0.520363
0.648361
2.71999
1.15165
0.202318
1.57576
1.35722
1.92249
1.27731
0.323025
0.980401
0.969115
0.334205
0.31337
0.473793
1.28988
0.528856
1.58952
0.393079
1.48385
0.433013
0.0568962
0.0739436
0.296118
0.0544994
1.0863
0.670888
1.0166
0.00953983
2.16057
2.48752
0.079424
2.86451
0.606637
1.7686
0.218132
1.16271
0.445294
0.825647
0.14669
0.222882
0.435929
2.58964
3.29382
0.834651
0.0291665
1.21388
1.3141
0.764562
0.402298
0.415294
0.746196
1.35746
0.853542
0.486655
3.75952
0.339218
2.48924
0.0330214
0.855972
0.527814
0.486375
1.96215
3.31133
0.561067
0.57544
3.70602
1.36521
2.67818
3.01699
1.38407
0.430432
0.202812
1.43426
0.466493
0.420558
1.67406
0.000594754
0.605876
0.697437
0.697657
5.59437
0.822853
0.231872
0.0274712
0.154077
1.07665
0.205884
0.540626
1.26834
1.8996
3.32028
1.22928
0.130545
1.03064
0.00882439
0.0766435
0.499262
0.189453
0.207789
0.819902
0.45845
0.0100124
1.08924
0.333511
0.907217
1.22397
4.79758
0.657747
4.94724
0.615594
0.183806
0.513489
0.777218
0.269579
0.00434551
2.33084
1.38189
0.722537
0.101033
1.69586
0.491067
0.25925
0.285663
0.528182
1.14556
0.426148
3.6393
0.219758
0.222011
0.286856
0.268205
0.282938
0.674197
1.77047
0.52043
2.16212
0.252865
1.10784
2.75783
1.2435
0.26096
0.282804
0.00497431
0.290798
0.55564
0.905601
1.29943
2.81907
0.790626
0.376271
0.189344
0.0196102
1.20763
0.65797
1.49854
0.987586
1.12661
1.04974
2.20988
2.26956
0.17199
1.17217
0.681382
0.298674
3.17981
1.42452
2.01735
0.554793
1.05689
0.445127
0.73147
0.0595099
0.162801
0.290183
0.0672123
0.463531
0.903592
0.241137
0.207558
0.118375
0.408569
2.32695
1.40919
0.205072
0.786746
0.167488
0.780627
0.399175
2.25334
0.812159
1.31305
0.055574
0.888066
0.110198
0.0275351
0.174848
6.45758
0.987739
0.167992
0.601752
0.202358
2.62189
0.0394857
0.114766
0.0512866
1.08213
0.560767
2.65213
0.668957
2.54754
1.68069
0.287893
0.177405
0.280247
0.772285
1.01581
3.96649
0.24079
2.06119
0.874557
2.18036
0.0189427
1.42697
7.3053
0.231781
0.224989
0.852224
0.22405
1.09531
0.2435
1.16057
0.0298367
0.586005
0.189371
1.14945
1.75604
0.307045
0.451923
0.846506
0.242028
0.669009
4.77502
0.0254075
1.32335
0.409184
3.27988
1.50328
1.54093
0.338594
1.67634
3.01931
1.18285
0.412975
3.04567
3.30323
0.521232
0.00859216
0.151176
1.36342
0.223565
2.38852
0.612705
0.206692
4.6827
2.0177
1.15823
0.882132
0.672216
0.985876
0.508626
0.611873
1.37305
0.0495835
0.0991607
0.0232889
0.951892
0.484059
2.92814
2.34617
0.0419437
1.02562
0.285315
0.922085
0.364969
0.153264
1.60189
0.815135
1.43741
1.2943
0.807993
0.250131
2.07674
0.605855
0.0797862
0.200705
1.79698
0.133379
0.459211
1.39561
0.779272
2.03377
4.00295
0.844068
0.764526
0.538051
0.202471
3.61794
0.0837693
0.331364
0.382867
1.87692
0.917882
1.6215
0.74834
0.134913
0.941791
0.0727709
0.476359
1.24043
0.785656
0.208745
0.145738
0.27566
0.329796
0.505459
4.07192
0.807626
0.822848
1.06664
0.232128
0.211132
0.191432
0.686383
1.32478
0.510616
1.97983
0.485083
3.2985
1.31932
0.698161
0.451978
3.88566
1.06433
2.16599
0.352379
0.834011
0.836028
0.269301
1.05734
0.225246
0.264453
0.030305
0.0585316
0.511882
0.130048
1.39112
0.0261395
0.355882
1.21038
0.387441
1.05855
0.0494335
0.574402
0.64279
0.126142
1.42439
0.548845
0.33917
0.294415
0.314325
0.0944783
0.307056
0.0241718
1.54933
2.26207
0.0472203
0.788326
2.62384
1.22492
2.69449
1.62762
0.65731
0.421843
0.136498
0.55647
1.02632
0.258929
0.220747
3.78869
0.152391
0.209084
0.141493
0.130665
0.736546
0.729506
0.878624
0.0207899
0.370442
0.116568
0.10404
0.366459
0.261363
0.0489147
1.74332
0.103218
0.201831
0.161638
1.7591
0.99734
0.811173
0.516288
1.15401
0.615106
0.207729
0.176067
0.968368
0.100845
1.38844
0.937065
0.512033
1.29182
0.822806
0.0868918
0.024243
0.109653
0.0673557
0.455371
0.00834665
0.546465
2.16924
2.52714
0.566198
1.24017
0.386164
1.61614
1.16525
1.3784
0.2876
0.0602399
0.283089
0.625691
0.00365461
0.555366
1.0045
0.310089
0.322725
0.902061
0.103781
1.02807
0.0819725
0.117132
1.0642
2.03861
1.78762
0.243072
0.508137
0.693946
3.68757
0.426242
0.102431
1.41332
0.605095
0.489107
0.894142
0.60056
4.09221
1.42671
0.0461156
0.171161
2.04698
0.355109
1.04598
1.78245
2.49843
1.91417
0.0808053
0.477258
2.98254
0.816971
2.0988
0.848891
0.0642601
0.0124427
0.0316563
1.84431
2.57666
0.0504288
0.396395
0.0125814
0.303907
0.503117
1.29001
1.33289
0.612511
0.842284
0.823398
0.310731
0.00191211
1.40736
1.0729
0.316038
1.53178
1.65247
0.570395
0.213181
1.45186
2.558
1.21535
3.02041
0.341018
0.174407
0.575821
0.77631
0.264716
0.385224
1.41216
0.506978
1.65817
0.478528
1.33588
2.48504
0.219107
0.738185
0.135055
0.389216
1.61591
0.212129
0.0776956
1.20058
0.26953
1.83132
0.881
2.17555
0.991833
1.59158
0.377128
0.295737
0.0900867
0.3012
1.50377
0.881893
0.243268
1.99
1.40715
0.456608
1.6379
0.170821
1.00281
1.27191
1.03383
0.0717972
5.4075
0.354735
0.0893717
0.000279015
0.221925
0.49956
1.92444
0.28174
1.7141
2.64283
0.74747
0.926708
3.13619
0.286409
0.290783
0.115006
2.2094
2.00649
0.390453
0.819526
0.0932475
1.30145
1.32914
0.973376
0.179257
0.884254
1.93247
0.711816
0.240101
1.07157
1.99935
0.188602
0.0128435
0.0149618
1.74108
0.270457
1.82602
1.11619
0.853099
0.839145
0.343335
1.09355
0.827629
0.217712
0.0764422
0.724538
8.76423
1.07853
0.018796
0.330139
0.304472
0.44296
0.720697
0.210734
0.402072
0.255206
2.16448
0.272919
1.13894
1.35538
2.65005
0.575602
2.33859
0.569012
2.297
0.896581
0.103497
0.256081
0.131846
0.794507
0.36745
0.529878
0.0479452
0.621326
0.292122
0.346058
0.321751
2.21482
0.121337
0.404935
0.456011
0.295483
0.845499
0.0908219
0.118265
0.0424428
0.150503
0.199476
0.751888
1.20583
0.40569
0.163377
0.260341
0.524004
0.0180438
0.630674
1.87088
0.519036
1.05264
0.13122
0.511801
0.0748674
1.48886
0.102648
0.444788
0.096833
0.0103233
1.81121
1.92531
0.581353
1.2236
0.0140586
1.55885
0.771934
0.961771
0.247607
0.0682608
1.36896
0.141941
0.576521
2.67744
0.692466
4.38684
0.874564
0.00444739
0.350659
0.300565
1.90002
0.264944
1.73647
1.39685
0.287782
1.24288
0.129975
0.492118
2.14797
1.2794
0.299255
0.795901
2.68074
1.14411
1.15831
0.279602
1.06151
0.282116
0.857216
0.513392
0.692358
0.455796
3.34921
0.0706578
1.32417
0.982542
0.0689353
1.11918
1.88235
2.06921
0.398272
0.350796
0.320684
0.811823
1.35912
4.90842
0.366042
0.144877
1.37332
0.117816
0.651388
0.937052
0.979815
0.620137
0.252881
0.10702
0.863688
0.721984
0.0348839
2.5523
0.304298
0.281032
0.0468651
1.51902
0.985953
0.0824425
2.45004
0.951669
0.81229
0.533617
0.538252
1.33564
0.17206
4.71608
2.5199
0.0917385
1.54732
0.160039
0.523368
0.302248
1.69531
0.276469
0.127121
0.760679
0.0202237
2.46174
0.135346
0.907868
0.0957969
0.737942
0.585472
0.026678
0.00214049
0.102177
0.830195
0.143902
0.251823
0.255284
1.37174
1.54377
0.203273
0.138852
0.421912
0.0380071
0.233946
0.75747
0.484329
1.26216
0.126959
1.85486
0.395085
1.99348
0.3161
0.657413
0.255158
0.516321
0.389965
1.9046
4.9337
0.106086
0.09905
2.78238
0.510611
0.345124
0.916659
0.0933087
0.152834
0.359453
1.3179
0.667969
0.196543
0.450588
0.504951
0.374514
0.985654
0.032188
0.94245
0.523362
2.14759
0.591577
0.913705
2.172
1.30069
0.526875
0.80552
0.60646
0.101761
0.751614
0.390282
0.48414
1.60053
0.869061
0.329109
0.891918
0.319731
1.51008
0.25535
0.700935
2.43588
0.438493
0.346192
0.45795
0.106823
0.47685
0.796924
0.85105
2.56222
0.206761
0.153135
2.15584
1.1788
1.47528
1.3258
0.213918
1.27713
0.130157
0.596221
1.06921
3.33631
3.12343
0.326576
0.146433
0.988629
1.81865
0.190909
0.371784
2.11242
0.0949505
0.465547
0.0280123
0.102194
1.70463
0.487119
0.400063
0.493105
0.610422
0.313445
0.609948
0.238172
0.0596036
1.52508
0.493961
0.274387
0.947617
0.20191
0.0592199
3.8874
0.526997
0.983329
0.668564
1.0477
0.142202
0.108393
0.409095
0.0186919
0.451104
0.211332
0.183221
0.67143
2.25669
0.543397
0.599661
0.168129
0.11157
0.310472
0.010957
1.23093
1.08856
2.11908
0.425621
1.62895
0.409095
4.77994
0.900823
0.227718
0.0615563
0.987498
0.244439
0.6429
1.29067
1.05378
1.74867
1.40119
3.16901
0.258934
0.438583
1.09823
2.39509
2.16084
1.18222
0.491926
0.557878
3.0377
0.100903
0.371023
0.568868
2.1446
2.26829
8.65447
0.0131896
0.353389
0.342084
0.465497
0.9186
0.696118
0.496355
0.112181
0.270229
0.847507
2.10514
1.55769
4.83961
0.234879
0.286338
1.84383
2.14256
0.413926
0.23067
0.0714726
1.02544
1.78903
0.419956
1.22225
1.5107
0.65088
0.600007
0.140954
0.0266895
0.811369
0.0320781
3.16349
3.09321
1.69321
0.653341
0.570346
2.11294
0.031672
1.31148
1.80425
1.33147
1.77886
0.470825
0.0944987
3.16875
4.51352
0.858754
0.714146
1.0083
1.29465
0.252719
0.163103
1.24806
1.58137
0.771573
0.638929
0.624463
0.343759
3.93076
0.890356
0.23106
1.03853
0.604361
0.647648
0.411405
0.164047
1.85089
0.0855983
1.64524
0.194063
0.745943
3.92221
0.00492456
1.00903
0.0196183
0.877874
0.354199
2.81967
0.0952172
1.00799
0.72171
0.390527
2.8358
1.16695
0.172336
0.296631
0.212152
0.825773
1.04285
0.234001
1.1256
0.742628
1.47979
0.00941942
1.11464
1.42463
0.820885
0.95088
1.34172
1.70947
1.59
4.28366
1.65278
0.206412
0.19687
2.28052
0.282375
0.172832
0.0933281
0.568389
2.88878
0.399732
0.644443
0.704468
0.518616
1.01885
1.46675
0.121871
1.13219
0.860136
0.306805
0.767138
1.36085
1.18314
0.83923
0.183984
0.12774
0.35037
0.894258
1.31915
0.432793
0.00439123
0.604266
0.0509644
3.7731
0.428397
0.261969
0.216153
4.4666
7.14933
0.448666
0.918942
0.0928357
0.7348
3.17001
2.28567
0.126084
0.0515396
0.024487
0.413477
0.5968
0.896503
2.85807
3.55015
1.00413
3.49844
0.577056
0.460279
1.63646
0.442076
1.31938
0.489748
2.05994
1.00385
0.172035
0.851334
1.42623
1.35666
0.238139
1.58954
0.154612
0.584785
0.315216
0.0261158
0.0256271
1.51329
0.844727
2.35112
0.980696
0.714688
0.335796
1.04743
0.210938
2.44888
3.04941
0.94114
0.726414
0.708377
0.216435
1.34076
1.01703
5.1996
0.287571
2.1938
0.740959
1.38565
1.00676
1.22506
0.683763
1.89483
0.502897
4.35986
3.60049
1.09502
2.75132
0.575183
0.107154
4.96072
0.355637
0.835542
0.631256
0.556722
0.0855057
3.67163
1.31018
0.123451
0.179908
0.48918
0.636282
0.84897
1.35534
0.382195
0.666826
1.59767
0.97011
0.101635
2.85729
0.478594
1.95775
1.45041
0.00381668
0.0848595
0.866378
0.122353
1.17808
0.993879
0.40377
0.506719
1.73947
0.649009
0.531907
0.0852111
4.15922
0.00581778
2.06022
0.547283
0.748762
1.3626
1.23
0.531977
0.0790933
0.213389
0.124642
0.186128
0.191032
0.789573
0.798108
0.284108
0.302112
1.90603
1.89665
0.554811
0.00789482
0.0857275
0.176131
0.10693
0.586269
2.84925
0.940013
0.142566
1.09989
0.290259
1.60795
0.535645
0.874759
0.603284
0.0519335
0.487914
0.0661659
0.234162
0.503281
0.592776
0.894099
0.237212
3.23418
0.751949
2.35354
0.496543
0.84059
2.83087
0.568229
1.0489
0.416516
1.52614
0.735458
0.13621
1.60761
0.123997
0.519301
0.731658
0.84636
0.43035
0.98506
0.498714
1.90658
2.62803
2.82747
0.0247743
0.827619
0.13733
0.00809896
1.08679
0.149982
0.679132
0.0626296
0.446475
0.287143
0.304476
0.558238
0.851905
0.440777
0.408542
0.454262
0.143056
2.51429
0.112492
1.43688
0.39748
0.0701498
0.878394
0.317877
0.0185468
0.483073
1.14227
0.46056
0.379656
0.882031
0.339255
0.585323
0.182781
1.19653
1.43892
0.555215
0.462605
1.6581
0.0834506
1.12866
0.217349
0.0441139
0.988291
0.422375
0.195411
0.358841
1.64561
0.0741194
0.297334
1.49218
0.20232
1.32385
1.45519
1.81781
0.0460486
0.665129
2.53971
0.887405
2.34847
0.523909
0.209206
0.553165
0.469222
0.232151
1.09111
3.4833
0.355383
0.388641
0.229224
0.274863
0.925497
0.192097
2.04219
0.618068
1.08929
0.23123
0.115607
2.39582
0.658934
0.00302964
0.0245713
1.33595
4.93054
0.0743062
0.181126
0.0925403
0.778191
0.521388
1.35845
2.50238
1.73782
0.530715
2.08032
1.10355
0.958289
0.308784
0.380649
1.42704
0.299885
1.26589
0.644822
1.46466
0.528081
0.438608
0.133744
1.18213
0.483492
0.00299161
0.269473
0.610637
1.42637
0.413114
1.51272
1.58103
2.27839
2.71639
0.131204
0.548333
7.37456
1.71459
0.462209
0.218152
0.966537
0.0893458
0.796953
0.666001
1.48551
0.211236
0.917776
0.262692
0.164372
0.0268613
0.0160468
2.84989
3.51797
0.310394
1.57792
0.684865
0.186552
0.361335
0.263308
0.0191064
0.418407
2.50129
0.0401141
0.426391
0.584247
1.17209
3.89236
1.26628
2.07923
0.281508
1.00826
0.00148104
1.79054
1.42976
1.5341
0.34145
0.694155
0.881233
0.632656
0.340847
0.714959
2.53663
0.142442
0.809555
0.766168
0.765039
0.928351
1.42139
0.879858
0.0253442
1.04595
1.45597
0.0246504
0.209834
1.56182
1.4009
0.54748
2.32568
0.330174
0.956316
0.11012
1.61031
0.989663
1.74602
0.577869
0.752132
0.64989
0.198337
0.0183597
0.115352
2.5357
1.18944
0.261772
1.63041
0.18519
0.419578
0.0312267
0.528291
0.0318478
0.389321
0.161886
3.07915
0.453994
0.835581
0.583245
0.0359213
0.754713
0.452261
2.12042
0.593782
2.97416
0.162701
0.245681
0.579904
0.447411
1.33194
0.313776
3.287
1.42479
0.423597
4.44929
0.905721
0.976069
0.679786
0.821333
0.589656
1.37348
3.96103
0.670333
1.39712
3.7649
0.936683
0.744765
0.229944
1.31923
2.14399
0.226779
2.40165
0.627171
1.49051
0.119483
0.428693
2.08446
0.358119
1.10068
0.845728
0.943401
1.46211
0.322623
0.214172
0.387532
0.691876
2.90349
0.121398
0.780748
0.533405
0.23126
0.206893
0.0142854
3.48743
0.498888
0.472842
0.32467
1.09445
0.124707
0.565557
1.19683
5.63994
0.0451952
0.820313
1.20318
0.412212
1.00558
0.208553
0.627683
0.603685
0.688813
1.57303
1.54255
0.140215
1.42713
0.272023
3.60645
0.0315016
0.0257443
1.84803
2.15622
0.536236
0.858431
0.570821
0.600563
2.42666
0.891281
0.177886
2.49028
0.750771
0.504827
0.612583
2.23973
0.104648
0.829332
0.122323
5.25596
0.0545254
0.589552
0.470899
0.423003
0.08427
0.458205
1.75068
0.641948
0.697517
0.233662
0.481913
0.27247
0.401092
0.816332
0.206429
0.407887
0.31728
3.17016
0.374072
2.70717
0.117672
1.80897
1.05678
0.232706
2.52415
0.201145
1.50574
0.575011
0.22405
1.49184
0.377872
0.530729
0.656673
1.65295
3.53124
0.249184
1.3541
3.47495
3.34231
0.302215
0.220384
0.698302
0.000325536
1.01991
0.0885825
1.21257
0.766293
0.52636
0.502165
0.462836
0.571339
1.94849
0.394128
4.2551
0.338215
0.0926286
1.1029
1.19579
0.252859
1.06372
0.00142707
0.120594
1.29974
0.10546
0.398746
0.902977
1.0796
0.164571
3.03139
0.774018
0.297303
0.464673
1.16342
0.593271
2.99197
0.0819839
1.7745
0.232415
0.0449712
0.0260932
0.506183
0.224346
0.471863
0.798021
2.943
0.882803
0.181271
2.46972
0.444721
0.846365
1.87392
0.484067
0.288424
0.188415
3.26185
1.76083
0.0784992
1.58883
0.63925
0.457325
2.26171
1.41167
0.0589856
0.825931
1.39923
3.58697
0.475211
1.0387
0.532946
0.555049
0.442232
0.690559
0.0583007
2.60667
2.04608
0.410004
0.248479
0.304219
0.820158
0.275142
2.34201
0.295924
0.0211543
0.103088
0.152614
2.14378
0.674512
0.155834
0.509904
0.0460777
0.113901
0.62184
2.44434
0.0761888
0.321168
1.06137
0.315162
1.12159
1.31383
1.30353
1.55161
0.323884
0.59518
0.494818
0.308833
0.678205
1.89334
0.0372061
2.05194
0.165106
0.688743
0.0777811
0.803775
1.78557
0.897489
0.731872
0.0301412
0.0714091
1.14346
0.445461
0.22552
0.525489
1.00243
0.216797
0.00969892
1.10308
0.109
0.592995
0.425683
2.72972
2.97773
0.183801
1.82495
0.887195
2.22294
0.346161
6.66754
1.02833
1.57068
0.605075
0.969067
1.51824
0.285084
0.986873
0.319317
0.194642
1.53879
1.50719
0.0236796
2.27934
2.47288
0.206453
1.27347
2.00294
1.59326
0.44674
0.732143
0.166643
1.19053
2.92631
0.183605
0.710621
0.909973
1.07803
0.841153
1.27703
0.240627
0.0180946
1.33919
0.558976
0.69791
0.434799
0.1804
0.482971
0.891613
0.00284631
1.95396
0.863689
0.490364
0.455989
1.4371
0.131086
0.91168
0.649546
1.19674
0.140725
2.33833
1.71779
0.0620168
0.177344
0.325478
3.04346
2.54816
1.2811
0.590477
0.611169
0.120562
1.54357
0.831631
0.800031
0.154725
0.0356881
1.10129
1.03666
0.580259
1.02678
0.334286
3.12178
0.137591
1.12024
0.0270017
3.27162
0.803694
0.286553
1.78235
0.589698
0.00340386
0.426225
0.0374851
0.290667
0.894922
1.08363
0.183127
0.49748
1.2519
0.662453
0.664751
0.193757
1.11403
4.6742
0.0193789
0.576926
2.7814
1.62011
0.310261
1.3307
3.27361
0.136138
1.89641
5.07539
0.258817
0.216233
0.985301
0.386477
0.0963629
0.655596
0.525159
0.290233
1.11661
0.587549
1.18563
0.897796
0.227539
0.655515
0.00539083
0.556871
0.214768
0.0295375
1.55695
0.283066
3.02569
1.27668
1.04962
0.55319
0.122151
0.869538
2.24292
0.354906
1.6895
2.45345
0.70236
0.938284
0.707701
0.0753305
0.22403
1.07739
2.79322
0.826514
0.615556
1.47174
0.164931
0.208928
0.0121692
0.316623
6.19177
0.114026
0.30581
0.343501
0.773837
0.290324
0.594987
0.701319
0.698748
0.695623
0.0479224
0.558033
0.601586
0.245061
0.249308
0.342024
0.0417504
0.502254
0.384618
0.493532
1.09424
0.82042
0.143926
0.170497
0.297368
0.332158
0.415443
1.21396
0.855027
2.24808
1.24118
0.173472
1.53882
0.000973923
0.483489
0.0314402
0.055387
1.15725
1.45297
0.0671518
0.410656
0.682915
0.261835
2.2518
0.0567633
0.217691
2.18938
0.780977
0.997123
0.282126
0.571295
2.10333
0.190326
0.916196
1.15143
0.533426
0.931466
0.174046
0.151297
0.900234
0.788275
2.90634
0.819872
0.265101
0.0583857
1.79468
4.81606
1.77562
2.66062
1.06586
0.61477
0.0164326
0.108787
0.39393
0.382315
1.15707
1.00048
1.17999
0.636461
1.48348
0.0814521
1.47764
0.03296
0.37921
2.1239
0.28551
0.710949
0.978216
0.329306
1.23868
0.928485
2.37574
1.54101
0.900173
0.127286
0.934275
0.579519
0.299104
0.0449948
1.36815
0.759533
0.162203
0.466964
0.296766
1.18467
1.18923
1.76928
1.37285
3.9326
0.134986
1.23515
1.17199
0.381181
2.23951
2.47879
1.43691
2.74649
0.1671
0.0107807
0.639358
0.801822
0.00372217
0.494306
1.26876
0.704656
3.91074
0.996759
0.911534
1.7894
0.435533
1.44278
0.323421
0.177846
1.45544
0.189977
0.906394
3.04459
1.15874
0.0696967
0.0916422
0.408679
0.24423
0.455578
0.469017
0.91235
0.390485
0.357449
0.201489
2.42873
4.01144
1.67753
0.161354
0.990767
0.546052
0.233688
0.36209
0.0941938
0.264956
4.28272
0.983384
0.650779
1.08731
0.464064
0.209134
1.11523
2.09671
0.206276
1.77257
0.0560389
0.964952
1.60302
0.536901
0.00300055
0.557133
0.875299
0.510451
0.0312027
0.517551
0.0209282
0.0119717
0.253454
0.143079
0.0559432
0.401416
0.140749
0.451817
0.488933
4.3326
1.29654
0.148727
0.163023
0.256539
0.069211
0.0533518
0.284783
0.35982
1.9766
0.0434561
0.298475
1.7856
1.65414
0.100079
2.08284
0.25684
1.38192
1.4241
0.490339
1.27664
2.2876
0.308419
1.34048
0.78647
0.749241
0.874914
4.13399
0.213545
7.06546
1.96284
0.393632
2.92016
0.993645
0.567223
1.52979
0.497813
0.160039
2.04317
0.677244
1.99485
0.432216
1.6415
2.20285
0.116619
1.56219
1.99866
0.229603
0.548223
1.10187
1.8923
1.67115
1.97564
0.484458
0.523681
0.720226
0.0837404
0.395789
0.837704
0.553484
0.830541
1.22289
1.42487
2.34467
2.85821
1.64234
1.23247
1.13786
0.111672
0.712407
1.93682
2.44926
1.90533
1.08892
0.00711427
0.215795
0.693728
0.95656
1.21888
0.0957551
0.289162
0.610645
2.7406
0.783187
0.0551434
0.549853
1.8883
0.480218
0.864478
0.280143
0.595929
0.303368
0.118308
0.288203
0.280405
2.11815
0.481871
0.307893
0.0519479
0.506781
1.50836
0.470774
0.555076
0.20749
3.17797
1.88477
1.21474
0.471637
2.30307
0.137092
0.598496
1.4576
2.6685
1.60991
1.62323
0.712261
0.825583
0.240262
1.06613
3.23779
0.610642
1.58393
1.73652
2.24403
1.16807
1.74539
1.48256
0.0905765
2.1594
3.12186
1.69026
1.81668
0.844366
0.0592709
0.767623
3.50545
0.294558
1.47511
0.825904
0.157556
0.691665
0.0109329
0.941708
0.101603
1.68561
1.50995
3.07552
0.226474
1.45299
0.435655
0.758965
1.01538
1.61665
0.556384
0.132329
0.217995
0.272698
0.996464
5.14917
0.20255
0.240602
2.66305
0.312799
1.3679
1.20943
0.393331
0.641436
1.63281
1.18617
0.467099
0.263082
2.24751
0.321015
1.82576
1.51357
1.32814
1.72711
0.247921
1.34037
0.334759
2.40185
0.534164
0.036203
0.743738
2.60417
0.414392
2.60928
0.141974
0.118252
0.0975227
0.211272
0.00413663
0.0111679
0.234787
0.0262335
1.61494
1.14039
0.455542
0.775041
0.030474
1.49986
0.0452349
1.61125
0.667578
2.90244
0.113411
1.38194
1.4665
0.52686
0.506671
2.20089
0.324273
0.707031
0.575791
1.10634
0.513074
3.13334
0.598801
1.49579
0.347401
1.35594
0.0607659
2.23688
2.10275
1.01786
1.41776
0.0354127
5.45502
0.378146
1.73232
0.608404
0.578162
0.146092
0.899858
1.0119
0.551107
0.0428169
1.47328
1.7215
0.794784
1.65813
0.205334
1.07024
1.07616
1.12961
0.421449
0.358116
0.59099
4.88329
2.35945
2.15815
1.55756
0.37905
0.962647
0.0634566
2.93557
1.79105
3.67299
0.096351
0.373932
1.44815
3.44457
0.197548
0.269779
0.157048
1.55383
0.12633
0.837377
1.10352
0.108738
1.63601
1.0924
0.129717
0.774942
2.1461
0.313206
3.38113
0.460757
0.470583
0.137332
1.52211
0.100714
1.64348
0.388101
0.990341
2.32723
0.0284905
5.91061
0.867276
1.0985
1.43601
0.918847
0.852215
0.721012
0.697004
1.11654
0.894524
0.0469223
1.28244
1.38285
0.442307
0.312671
0.62669
2.31395
1.67372
0.218514
0.0542533
0.421947
1.01597
0.681144
0.961192
1.14519
0.917748
2.60012
1.02209
0.0311794
3.29201
0.708658
2.89269
3.9375
0.0705576
0.468639
3.0466
1.49768
1.64872
0.174079
0.442119
0.483141
0.201002
0.939425
0.783701
0.510639
0.62517
2.66952
0.194632
1.7067
0.237363
0.186687
1.5807
0.325144
0.261939
0.0715062
0.137355
1.75029
1.33543
3.14648
1.8189
3.57976
1.16456
0.681919
0.893052
0.869427
1.44081
0.490043
1.01002
0.0489045
0.969537
0.440046
1.29411
0.909037
0.645251
0.266132
1.07084
0.0523885
0.651171
2.23442
0.845491
0.0499498
1.32509
1.53011
1.40491
0.0379296
2.01274
1.30867
0.297178
0.300608
2.44493
0.569508
2.32572
0.960276
0.109083
0.337154
5.1246
1.94719
2.83792
1.1772
1.22198
1.69431
2.06135
2.42298
3.23906
1.62017
2.1867
0.449839
0.691931
0.529644
0.35659
0.119326
3.42086
0.51614
1.55262
1.74911
1.81404
0.769872
0.862775
2.2957
0.494601
0.071227
0.471738
2.54008
0.424071
1.62776
0.811558
0.522238
0.0607019
1.48813
0.169955
0.914857
0.439704
0.00262781
0.0256229
1.78772
0.376567
0.246239
0.159279
1.37822
0.858805
0.0442671
0.276968
2.31134
0.686528
1.05142
0.803454
0.774591
0.552107
0.15078
0.480466
0.373131
0.528564
0.329691
0.783006
1.48651
1.35741
0.622589
0.35098
1.41893
0.191967
0.391629
0.24192
0.195683
0.224777
0.0989309
2.09631
0.38037
0.980091
0.0797346
0.355179
2.41453
0.174511
0.765472
0.476535
1.04367
2.00202
0.0743372
0.595386
0.0758022
1.09125
0.619051
0.9085
0.362936
2.33893
2.50002
2.43122
2.34746
1.03521
1.53538
0.253796
0.0251933
0.809659
2.7175
0.421583
4.91584
0.00895291
0.912709
5.63158
0.484658
0.108433
1.44317
0.503889
0.246046
1.28885
0.318903
0.645231
3.53173
0.00109404
0.0532235
0.885497
0.0925517
0.281313
2.0618
2.37916
0.0585996
0.270688
0.213835
0.880618
0.0732076
0.392971
0.406492
0.81353
0.140929
0.715787
3.07488
0.643017
0.112499
0.485753
0.957064
2.36042
2.67452
1.62942
0.0253856
0.00883989
0.358442
0.391679
1.23062
0.539843
0.754966
2.78687
3.25988
0.127648
0.690647
0.067905
0.968514
0.180476
3.28651
5.89067
0.211819
0.509469
0.5907
0.212131
1.62572
1.79446
0.196424
0.210049
0.560812
1.11415
2.45417
0.126479
0.152565
0.404073
0.797824
0.173052
0.111671
0.631984
0.688662
0.853076
1.43161
0.0201565
3.03372
0.622311
0.368892
1.14907
1.08063
2.47531
0.61883
0.263105
1.14709
1.49864
0.623414
1.35254
1.91907
0.246508
0.308166
0.258653
0.112806
2.37368
0.12863
0.642953
0.324831
0.0315796
1.68502
0.307648
2.62951
3.82423
1.46187
1.34681
0.54893
0.81634
0.469875
1.2734
0.198178
1.24484
0.419747
1.14699
1.2945
2.51088
0.193616
0.179911
0.718052
0.804753
0.147469
0.903987
1.184
1.83037
1.37963
2.38874
1.2133
3.5695
1.31642
3.39936
3.33717
0.598183
0.109914
0.0614822
1.42171
0.214193
0.213593
0.381371
0.0794929
3.988
1.17333
0.0328508
1.86669
0.836428
0.167792
1.21521
0.624506
1.2484
4.75937
0.481868
3.11835
1.58274
1.89413
0.363211
0.922439
1.05573
0.698144
2.36531
2.31449
2.10953
0.0557215
1.05259
0.0326099
0.696529
2.2309
0.100158
0.595772
0.7091
0.139069
2.29631
0.174819
0.684287
0.369026
0.512875
0.477294
0.597915
0.685213
0.471447
1.09359
0.0399003
0.177696
0.067824
1.12862
0.42448
0.632038
0.699243
2.40334
0.774399
0.587382
0.245796
4.48555
1.07509
0.33383
1.06657
0.885703
2.82517
0.181877
0.0973322
0.414636
1.0371
2.22458
0.213057
2.53713
0.415389
0.193726
1.657
1.40801
1.06664
1.30113
0.600605
0.181493
0.0377498
0.109204
0.0501562
3.9485
1.78757
0.0997185
2.03732
0.477764
1.12386
0.312089
0.607754
1.20223
0.21339
0.710501
1.46375
1.1784
1.62533
0.355836
0.0388454
0.7703
0.494796
2.13155
0.170493
0.382613
0.347348
0.455512
1.82677
1.41449
0.866692
0.692698
1.87944
0.249664
0.297405
0.141358
2.04437
0.373222
0.236677
0.46018
0.931678
1.91027
1.92327
0.945193
0.208599
0.0694434
0.246762
0.209375
0.275653
0.57668
0.535313
0.0387031
0.263498
0.374852
0.523623
0.135968
0.0346707
0.426951
0.282507
0.0169654
1.82479
0.450604
1.48217
0.634213
0.484201
0.471093
0.607259
2.26752
4.03765
1.64464
0.371528
0.835426
0.0908873
1.61058
0.207587
0.857451
0.242329
2.57587
0.111886
0.574318
0.772374
0.0960174
0.00394567
0.114507
1.83092
2.0719
0.000360522
0.754427
0.298331
0.548357
0.586985
0.806137
2.03059
2.42083
0.0952615
0.0774738
2.96003
1.99952
2.60274
0.220459
2.25272
4.00788
0.252878
0.810871
0.128317
2.28608
0.266586
0.67091
0.291472
0.377803
1.52096
1.7847
1.16914
0.0824067
1.6244
0.234173
0.472529
0.151812
0.162477
1.15548
1.54252
0.220475
1.26882
0.217433
0.0837102
1.34667
0.915593
0.165218
0.702852
0.0520197
1.21491
1.49283
0.933784
0.424747
0.0483757
0.0237637
0.570809
1.53002
0.413836
0.299323
1.49659
0.144191
1.08311
0.323359
1.2859
0.686944
0.322249
0.921678
0.773018
0.213689
1.89043
1.42737
1.11786
3.64472
0.294951
1.04676
4.22514
0.21133
1.94507
0.319573
0.0443351
0.302718
0.102107
0.0749265
0.541322
0.115911
1.24998
1.01702
1.4988
1.30101
3.53641
0.128511
0.854132
1.73303
0.727797
0.471693
0.124323
1.09228
0.704058
0.25564
0.766061
0.167541
3.01745
0.510946
0.369514
0.829969
1.08527
1.23719
0.649817
0.673851
0.150529
0.497592
0.15959
0.114855
0.199288
2.52081
1.42446
2.69631
1.17734
0.127244
0.556865
0.691285
0.0339572
1.25987
0.317199
1.11297
0.645115
0.610127
0.307436
0.260846
0.670832
0.172434
0.25049
1.30663
2.84419
0.979953
0.0700837
1.952
0.220493
1.34445
0.147252
0.30562
0.0705029
2.00769
0.251564
0.774644
0.765332
0.430005
1.30086
0.957787
2.72787
0.476707
0.80007
1.11843
0.472489
4.55325
0.0316327
0.534763
0.831167
0.164567
0.403075
0.0843016
0.0934895
0.196219
0.0342285
0.669666
0.859173
0.183051
0.63347
2.28452
1.04175
1.06968
0.690854
1.07145
1.50449
0.571084
0.943721
3.0583
4.50762
0.210352
0.0425229
1.60652
0.677346
1.15111
1.64577
1.53409
1.77794
1.32334
0.0457573
1.19611
0.954897
0.34954
3.55275
1.51919
0.576058
1.29469
0.1063
0.604987
0.137484
0.0210392
0.963999
0.380593
0.00129568
0.229292
0.566813
0.930143
1.66992
1.37958
0.0398835
0.211824
0.493677
0.0709441
1.44008
3.06929
1.15785
0.138994
0.334646
0.330207
0.553821
0.373397
0.0819951
1.00526
0.0496842
0.301602
0.28376
1.08788
0.565563
1.87711
0.541729
0.104561
1.02725
0.380263
0.235367
0.157625
4.27762
0.753314
0.0308583
2.45789
1.43428
0.442869
0.751595
0.418572
1.17161
0.273478
0.112875
0.606758
2.53606
0.615793
3.69118
1.25035
1.22086
1.37133
1.9131
0.137487
0.104647
2.51043
1.31431
1.35474
0.420964
0.329486
1.14631
0.325842
0.598645
3.91431
2.35698
1.65924
4.2749
0.000543496
2.04196
0.340274
0.339889
1.19408
0.0166868
2.11615
0.574049
1.83027
0.575925
1.38776
0.914082
0.0527752
0.0151697
1.35983
0.189361
0.92939
1.13294
0.302889
0.192282
0.0560809
1.24715
2.51083
2.68422
1.47295
0.576093
0.492509
0.42001
1.01652
1.64841
0.216345
0.738035
2.35966
0.223918
0.231667
0.881462
0.843696
0.324807
0.473312
0.303208
1.36249
0.172396
2.58653
0.263011
0.187951
0.450994
0.278239
1.46037
0.0904143
3.5325
2.24914
0.0894423
0.302705
0.714042
3.17282
0.614511
0.910696
0.147778
0.165917
7.10795
0.862899
0.759638
1.51664
2.52511
0.230685
2.69342
0.440069
2.25846
0.88431
0.00442818
0.283516
0.260648
2.29754
0.167733
0.325873
0.691017
0.506035
1.59669
1.28747
0.378692
0.280934
0.897482
0.506766
0.431024
0.769203
1.76772
1.07406
0.241074
1.85687
3.34355
2.03172
0.7812
0.15243
0.130608
0.234065
0.0838506
0.674481
0.170709
1.01494
0.557292
0.635911
0.198113
0.077037
0.137129
1.88096
0.914474
0.058689
1.76096
0.0632144
0.444073
0.573688
0.806373
1.17771
0.463527
1.34387
3.73335
2.32927
2.1884
0.218813
1.13835
1.43799
0.83359
0.544791
0.834326
0.0941554
0.801747
0.318394
0.600556
1.09494
0.305914
0.28596
2.93317
0.104254
2.59108
0.837733
1.34606
0.340924
0.66498
1.11326
0.49652
1.48767
0.675391
2.09684
1.26151
1.18998
0.687786
3.08055
1.22132
1.50231
0.285549
0.112417
1.44532
1.02597
0.374571
2.23928
0.080795
0.379193
0.649427
1.87056
2.1705
0.129645
0.706675
4.02597
2.78942
0.132337
1.6088
0.616159
0.473623
0.870746
0.592001
1.63775
0.995568
0.918807
1.4567
2.90183
1.53948
3.03044
0.229099
0.267376
1.3925
3.55977
0.921023
0.130741
0.491013
1.19862
3.34063
1.81207
0.763127
0.0101706
2.41205
0.255277
0.145889
0.184296
0.0955564
0.507217
0.566841
1.56095
0.451602
0.181657
0.171168
0.913629
1.71828
0.759129
0.0175723
0.787041
0.99041
0.263719
2.2735
0.581281
0.512152
0.724254
0.128324
0.366117
1.20521
0.588747
1.70797
1.86636
1.43901
1.47258
0.699248
0.149161
0.485645
1.97896
1.25705
0.544794
2.66204
0.480709
1.30938
0.0347518
2.71844
0.582215
0.245916
0.616124
0.450782
0.149757
1.51431
0.322247
1.46851
1.0598
0.99358
0.34724
0.407169
2.01217
0.778461
0.587679
1.99766
0.754758
0.954964
3.61278
0.90982
3.83523
1.57338
0.183227
0.591908
0.392417
0.21556
0.637778
0.801007
2.64275
0.319728
0.708493
4.324
1.33477
2.00146
2.19144
4.16062
1.52451
0.748384
0.554457
0.5878
1.12059
0.228836
0.18847
0.367266
0.0744543
0.0259665
3.06349
1.69606
0.207386
1.35895
0.0444642
0.0239301
0.0404624
0.7577
1.48094
0.131424
0.554822
0.917656
0.171695
0.333764
0.0234465
0.0195955
0.240435
2.37441
0.720191
0.209556
0.0489104
1.94971
0.478237
2.50016
0.680734
0.838373
0.399428
0.50555
0.30116
0.30976
0.211933
1.95154
0.0460956
0.125932
0.863188
0.291902
0.475733
0.316494
2.39826
1.49443
2.41053
0.134694
0.0775692
0.71522
1.8344
1.44611
1.52097
0.881556
0.116372
0.875135
0.986661
0.511694
0.0969447
4.6386
1.56016
0.573713
0.0732805
0.653097
0.430371
0.922262
0.821135
0.562133
1.29535
0.536315
1.50039
0.656809
0.70001
0.81705
0.552725
0.410451
0.142216
1.00315
0.455244
0.111035
1.16755
0.213322
1.47938
0.276071
0.327467
2.67755
2.56176
0.015785
0.558659
1.1251
1.08568
1.73438
0.859279
2.47213
0.79034
2.64079
2.84589
1.28185
3.17442e-005
2.76053
0.0592392
0.0404281
1.12203
0.149575
0.590607
0.1824
0.323477
0.118012
1.21474
0.0233906
0.344811
2.6124
1.35595
0.474545
1.66769
0.981436
0.156698
1.22074
0.479418
1.21336
2.41336
1.1729
1.06847
0.631457
0.860255
0.436641
0.467505
0.438031
1.05661
1.79943
2.19929
0.339156
3.67281
0.0592259
2.19275
0.133024
0.528622
0.890189
0.190139
2.75581
0.262707
0.69884
1.65646
0.318847
0.908525
0.202055
0.294833
0.856234
0.0378791
1.8992
0.458703
0.0802313
1.366
2.7289
0.253147
1.60806
0.33126
1.71713
1.12634
0.668284
0.344476
0.195612
3.12205
0.166407
0.0978467
2.96044
0.0695059
0.363258
0.442315
0.00573122
1.39377
0.166827
1.15127
1.40509
2.02574
0.318394
0.690409
2.26488
1.76469
0.764022
0.365044
0.462665
0.549965
0.670158
1.0459
0.479595
0.460911
2.09318
0.51874
1.77045
0.924695
0.339371
0.0858128
0.378129
0.325576
0.375235
2.1094
2.10699
2.09822
0.24279
0.708967
2.19735
0.917973
1.42215
2.25381
0.404159
2.4104
0.0882979
0.0748997
2.56064
0.939096
0.297647
0.00625015
2.01678
2.57884
0.0820625
0.239996
0.00693268
0.0339442
0.953643
0.526443
0.633099
1.07898
0.493555
0.162388
0.260768
0.0216728
1.0972
0.218885
0.438053
1.85726
1.46773
0.5469
0.118543
0.81577
0.283542
0.688557
0.120194
0.39097
1.72475
0.359225
0.430965
1.29474
0.18498
0.27341
2.74096
1.60205
0.616697
1.10074
1.09167
0.536103
0.391017
2.15283
0.755582
2.23119
0.631183
3.44863
0.937001
1.63931
1.99292
0.335211
1.64686
1.32608
1.37464
0.530535
0.343379
2.12501
0.259819
2.16005
0.0648784
1.7325
0.95539
0.817674
0.364622
1.53576
1.49258
0.68316
0.345697
2.24095
0.713361
0.926598
0.0998243
0.127486
2.11235
0.764083
2.36226
3.42033
1.36562
1.87273
0.702358
0.703771
0.330304
0.850726
2.88297
0.0101019
0.441195
1.57128
0.320734
0.0428957
0.914432
0.231855
0.588393
0.045335
1.56927
1.8282
1.32171
0.936159
0.890454
0.271848
2.16067
0.862534
1.01955
2.03262
0.761453
1.37662
0.507024
0.758662
0.296123
0.541105
1.90995
0.687926
1.37128
1.32763
0.215099
0.127003
0.669094
0.460176
0.698046
0.195091
2.79956
0.200201
0.540214
1.26796
1.74014
2.33846
0.708397
2.13433
0.206398
3.06066
0.318184
0.300763
0.142608
0.0660016
0.636612
2.01936
0.326729
0.980716
0.346428
1.58166
2.54037
1.4462
0.486346
1.91052
0.32566
0.882318
0.0107095
0.916552
1.04723
1.66097
2.66733
0.512715
1.32884
2.39638
0.493766
0.179089
0.36992
0.158277
1.89144
0.0169926
3.85279
1.23542
0.137855
0.550293
0.0541189
0.768335
0.0378796
1.7862
1.74519
0.112688
2.73068
0.913767
0.285043
0.290452
0.35299
0.123087
0.43628
0.283412
2.90452
0.227655
1.13237
0.0282341
1.54372
3.05438
0.169543
0.292211
1.44996
0.51127
1.56858
2.49422
0.274786
0.737603
0.525521
0.148651
0.160513
0.915347
2.6029
3.57424
3.58921
2.27957
0.214769
4.34146
0.482536
1.09354
3.28976
0.238979
1.25898
2.78804
0.380489
0.211466
0.21988
1.9876
0.210729
0.5908
0.355041
0.00572436
0.775788
0.729041
0.253128
4.26669
2.13064
0.854767
0.0786922
1.63201
3.10909
0.574024
0.4214
0.0737731
1.06091
0.910198
0.789357
0.493125
0.617373
0.293187
0.306351
0.0167964
0.299294
0.0964868
0.00904213
2.95412
0.131751
2.09533
0.0288218
0.7088
1.21832
2.23002
0.499026
2.21864
1.1691
2.59774
0.406837
2.06037
0.165172
4.23097
0.214082
1.60687
0.470604
0.332708
0.235623
1.33146
1.25487
0.0596978
2.24861
1.56401
0.785428
0.304605
0.406409
1.17446
0.0310505
0.827119
0.0134825
1.43586
1.58813
0.206041
0.679776
1.18172
0.914531
0.211652
0.65359
0.069886
0.790185
3.17069
1.01575
0.0128726
0.869112
1.7158
0.0434187
0.235637
0.462679
0.6831
1.4486
0.555513
0.468859
0.186629
0.177723
0.231362
0.174719
2.13298
0.766519
0.387147
0.731382
0.993238
0.670277
0.982312
0.428522
0.273161
0.088687
0.0219176
0.236015
1.81346
0.13805
0.290854
0.0974511
2.86592
1.87286
0.957326
1.91101
1.64609
4.71462
0.960305
0.814206
2.06402
1.60858
0.640309
0.989281
0.342751
0.998229
0.0400937
0.04377
1.18715
0.180335
1.02872
0.130562
0.228493
0.910056
0.129042
1.08892
0.681908
1.75366
0.716952
0.345126
3.49529
1.35812
1.06965
1.37905
0.636687
2.76636
0.73681
0.354082
0.585452
0.173572
2.05144
1.46893
2.12317
1.16089
0.678417
0.0936005
0.479319
0.916705
1.53935
0.798419
1.7114
1.09023
0.187055
0.537316
0.0426194
0.437749
0.0228259
2.71983
0.427021
3.27607
0.553216
0.214314
0.648215
0.378719
0.331263
3.05083
0.924923
1.68088
0.62036
0.390837
1.31251
2.06308
0.720006
1.44457
3.67893
1.35039
1.69335
1.86768
1.73681
0.591878
0.231604
2.29369
0.0144026
0.176283
1.30557
1.81802
0.635389
0.0477412
0.412837
0.524059
0.929983
0.279741
0.0110247
0.906623
0.307466
0.153247
0.0247041
0.112636
0.147852
0.444415
1.67358
2.00522
0.271698
1.76498
0.848399
0.770901
1.88199
3.60191
1.09903
0.749137
1.08805
0.110718
2.53163
0.0796536
0.729904
1.355
0.908459
0.158833
1.07564
1.83193
0.341885
1.44143
0.259715
1.03031
0.353165
0.0501711
0.361123
0.338267
0.267183
0.00749465
0.521612
0.830514
3.52021
1.07543
0.0759276
0.0868785
0.304093
0.248994
0.0153801
3.21748
0.13867
0.442284
0.324894
1.38645
1.09576
0.427294
0.445011
0.954213
1.01383
1.17746
0.179078
1.87249
0.29752
0.387408
0.396945
3.10552
1.32904
0.0528355
0.294929
1.96549
3.60231
1.12895
0.485969
1.19022
0.110803
1.81316
0.922092
2.34777
0.197524
0.0878775
2.20053
0.41242
1.53095
0.465108
1.78714
0.653676
1.22402
0.772735
0.684064
2.51708
0.20623
0.199376
0.823649
1.22369
4.96121
0.541057
1.62365
0.316949
3.26732
1.16709
2.36029
2.43022
0.315656
0.823242
0.771702
1.33787
0.399076
0.356977
0.148897
0.273209
0.267699
1.44213
3.03239
0.1967
0.127537
0.321719
0.576549
2.49928
0.340469
0.0719302
0.102569
0.266341
2.64615
0.226952
2.07233
0.0553637
0.23205
0.251236
4.17816
0.258958
1.05084
0.207394
0.540925
2.57929
1.44102
0.440736
1.13349
1.28959
1.00861
1.17569
0.0998485
0.595505
0.491218
0.694392
1.46152
3.84642
2.37112
1.14211
0.0333843
0.773769
0.00186895
0.216493
0.756793
3.36218
0.710353
0.133689
1.67835
2.33137
1.45671
1.27267
0.196088
2.56451
1.26348
0.483473
0.92261
1.3972
0.583203
0.981181
1.29596
1.10541
0.143014
0.392834
1.0465
0.653404
1.65851
1.51263
0.488359
0.488355
0.811962
0.152235
1.47562
0.527951
0.0252891
0.0716264
0.0176573
0.380902
0.25905
0.300058
0.83757
3.56841
0.131339
1.14129
3.87915
0.201634
0.136793
0.841486
1.7503
0.441177
3.38742
0.89327
4.86971
0.249023
1.16241
0.415452
0.497809
0.127346
1.18037
1.54263
2.29359
1.54674
0.0541981
0.38257
0.196836
2.6828
0.409461
2.12575
2.96701
0.193745
3.21185
1.22293
0.815101
1.95942
1.20909
0.500391
1.5402
1.5956
1.66173
0.431517
0.160728
0.409568
0.657628
0.713182
0.567014
1.26625
1.60666
0.804274
0.898591
0.840606
2.1535
0.238386
0.910353
0.042343
0.0608377
0.212499
0.900286
2.59915
0.981712
0.647604
1.46796
0.709019
3.4672
0.0911938
0.694215
0.30721
0.582036
1.31395
0.4868
1.29674
1.50504
0.353093
2.31257
9.98569e-006
0.795401
0.116713
0.527691
0.742025
1.35814
2.48737
1.12947
3.51125
0.398384
0.22982
0.0443735
0.12648
0.0802197
5.19444
0.219363
1.59913
0.0611147
0.0951652
0.0801067
0.63509
0.313713
0.02478
0.304318
0.506013
0.653295
0.113694
0.496533
1.84866
2.20204
1.35867
1.07437
1.40247
1.9481
1.37791
1.27336
0.00419926
1.42947
1.05119
0.299929
0.167359
0.334343
3.91397
0.79564
0.694694
1.3809
1.10961
0.365758
0.483049
0.94475
1.29733
0.469786
1.50473
0.973605
0.288599
0.292243
0.201218
0.716742
2.25401
0.901716
1.29891
2.3786
0.637137
0.0806651
2.37008
0.0419163
0.542046
0.881792
1.34757
0.591685
0.584699
0.536655
0.481489
2.75342
0.831909
0.729972
0.263935
2.89
0.403083
0.0128771
1.23328
0.31461
0.995158
0.925997
0.0304197
0.263573
0.423249
0.0243284
1.15902
1.18272
2.2123
1.01584
1.05193
1.03226
0.412319
0.000246655
0.680452
1.29777
0.140015
0.0399908
3.3159
0.325782
0.898332
1.25711
0.237941
1.88527
0.316537
0.140601
0.357578
0.898224
2.05482
0.980583
0.589623
0.70721
0.658634
0.474846
0.825276
0.154768
1.36675
0.787685
0.347579
1.51107
0.141575
0.305386
1.47128
0.407722
0.919774
0.889795
0.83289
1.42336
0.357574
1.42729
0.772593
1.04191
1.26072
3.21774
2.39992
0.387243
1.05191
0.436859
0.336583
1.28507
2.22653
0.463863
0.24889
1.55292
0.367613
1.76649
3.76926
1.27399
0.683329
0.0535003
1.3784
0.0904612
2.1506
0.216658
0.527027
0.713332
2.72714
1.76894
0.354199
0.60236
0.023053
0.580824
0.109172
0.527082
0.545505
1.07316
0.0675055
0.915051
0.475268
1.07788
0.338486
0.607977
0.150017
0.305039
0.923058
1.55668
0.229298
0.845307
1.57364
0.363527
3.0057
1.15181
0.189551
1.36905
0.532591
0.247646
1.12572
0.00461709
1.0596
1.76209
3.2555
0.21832
2.54792
1.72885
0.62398
1.91231
1.27395
0.791456
0.0935404
0.414427
0.139677
2.51649
4.61423
0.0628325
1.08714
0.00949732
1.45229
0.0500348
0.4323
0.0928677
0.696091
0.561688
0.0674288
0.452612
0.154946
0.894963
1.38672
0.269501
2.31829
0.27455
0.294898
0.341641
2.17366
0.0766391
0.0757902
0.349602
0.146593
0.460845
1.83
0.438878
3.07448
0.874131
0.47561
0.301258
0.507106
0.148414
3.05219
4.43285
0.430987
0.612726
1.39043
1.00954
1.21022
0.575193
0.246889
0.216438
0.0976593
1.02571
1.14848
0.472284
0.707634
1.71849
0.803451
0.222329
4.06754
0.416137
0.446306
0.75208
1.19
0.309327
1.87988
0.174596
0.677056
4.81842
1.80004
1.04534
1.04736
0.967056
0.453821
1.21299
1.15808
0.73622
2.08316
0.109735
0.860976
0.224525
0.198821
1.1726
1.75978
0.150869
0.559935
0.440976
0.518086
0.0322411
0.641963
0.243408
0.723036
0.972717
1.82628
0.665279
0.0521203
0.553387
0.333561
0.122147
0.245316
1.05099
0.449443
3.04714
0.351655
0.934792
0.527407
2.32983
0.121035
1.67811
0.0670725
0.0686046
1.49014
0.048953
0.62166
2.38598
0.126494
2.3183
1.31759
0.192058
2.68219
0.636921
1.53273
1.29322
0.408579
2.96544
0.373134
0.245875
0.398787
3.18549
0.0286058
2.84007
0.112216
1.5532
0.433337
0.0407841
0.856147
0.246481
1.87845
0.756026
0.525206
2.87496
0.451393
2.0683
0.0859435
2.14875
0.66718
1.42495
0.265496
0.0815329
0.0658007
0.190526
0.478797
0.191083
0.64243
0.66793
0.181657
0.495242
2.55778
3.76042
1.64209
2.73356
1.92722
2.01037
0.137236
1.88159
1.70614
0.485127
1.10224
0.892455
0.406019
0.57645
2.09448
0.419973
0.391694
0.667301
0.52397
0.457857
0.544219
0.750246
0.342075
0.0303444
0.542053
3.5025
0.564688
1.30818
0.0457159
0.0590343
3.69779
1.16793
0.0683085
6.8854
1.87707
0.102845
0.391773
1.42988
1.51174
0.577494
3.17512
0.0288718
0.989288
1.62347
0.618064
1.12361
3.85093
0.0244542
0.194835
1.96505
0.26083
0.813805
1.57102
1.24298
0.412537
0.229836
4.13831
0.305222
0.208831
0.713493
0.41223
0.469874
1.01421
0.513722
0.817993
1.74404
0.059157
1.83104
1.2122
2.18443
3.18213
0.207093
0.139098
1.17029
0.397609
0.158668
0.566376
0.359546
0.868158
0.276039
4.58474
0.617938
0.72387
0.918928
1.02695
0.0657566
1.1549
1.52895
0.258202
0.506559
4.14534
1.032
0.177958
0.617128
0.673978
0.181806
0.545214
0.290887
1.40726
0.0350177
0.964467
1.35968
0.516947
0.453753
0.0750858
0.527706
0.117775
0.479829
5.71538
0.148243
0.651533
0.292178
0.44716
0.686061
1.54315
0.278991
1.50967
0.264045
0.700611
0.0572926
0.261946
1.85427
2.38394
1.34252
0.0894016
2.19954
1.13774
0.974174
1.28397
1.08201
1.18791
1.2936
0.870888
1.57004
0.812762
1.04794
1.54299
1.7475
0.037446
0.11912
0.133096
0.196254
0.0221829
1.57002
0.318531
0.345414
1.95941
4.62443
1.76286
0.325963
0.145057
0.285484
0.407939
0.526597
0.90325
0.134178
2.59904
1.79143
0.261502
0.897485
0.133833
0.717426
2.86026
0.0580074
0.594328
1.57889
0.13585
2.15097
0.620976
1.55323
0.259214
0.0898358
1.1504
0.150625
1.88311
1.03709
1.75152
0.060576
2.38623
0.336588
1.03281
0.455405
1.82482
0.164423
0.243972
0.581521
0.674958
2.31093
0.425367
0.0904392
1.15976
0.985893
0.00166519
0.297353
0.78115
0.415023
0.201452
1.02872
1.16627
0.238953
1.30798
0.376649
2.10693
1.09903
0.0652464
0.639682
1.39991
0.136065
1.65402
1.9141
1.04792
0.957217
0.0602916
1.63601
2.88865
0.275345
0.0807387
1.23268
2.2745
1.13223
0.653541
0.495947
2.01083
1.78752
0.751331
1.13713
1.03941
3.05914
1.53234
0.256817
0.103258
1.01013
0.451695
1.77087
0.627971
2.18916
0.806811
1.20606
0.299347
1.22992
1.60204
0.192215
0.340786
3.20362
0.816917
0.218633
3.36086
1.52909
3.04833
0.0942136
0.108591
0.347075
2.02741
1.80133
0.434073
0.594185
0.595859
0.0480504
1.11426
1.13617
0.875448
0.00525006
1.53946
0.98866
0.467542
0.834071
1.32297
2.20383
0.428196
1.0526
0.184293
0.229754
3.23867
1.0916
0.8682
1.35366
0.111361
1.80325
0.0381619
0.157969
2.69292
0.926302
0.739408
0.543538
0.619674
3.32795
1.37269
1.86855
1.0444
1.91855
1.78585
1.08684
0.0331613
0.277295
3.30011
0.915055
2.75247
0.393376
0.00102337
0.299111
0.912061
0.45938
1.17269
2.41207
5.15251
0.21488
0.310769
1.59143
0.269863
0.517393
0.199645
0.078772
1.63204
1.95695
1.62568
0.0242534
2.61626
0.501973
0.979762
0.335218
0.139793
0.700991
2.8494
0.0968434
0.0351411
0.443757
2.91236
0.222367
0.242357
0.890045
1.25757
1.03288
1.42006
0.79523
0.343922
0.395246
0.430129
0.871601
1.0429
2.04226
0.0482567
0.419073
4.03744
2.1741
1.81161
0.103926
0.169125
0.465388
0.0556396
2.45344
0.344326
0.353434
0.722474
1.62235
1.07649
0.194044
0.995078
1.43074
2.40463
0.225131
0.3459
1.11088
0.421078
0.156595
0.16599
0.122838
0.364364
0.297953
0.0395473
3.8748
2.17372
1.06532
0.600908
0.233447
0.834707
0.47621
0.815314
2.07216
0.658617
0.941443
1.31092
0.176952
0.458647
0.150376
0.417012
1.04973
0.0298522
0.351676
0.769223
1.52235
0.104346
0.448614
0.860097
0.536659
0.118524
0.031018
1.66483
0.802079
1.06858
0.0391927
0.965923
0.580548
2.17546
0.895154
1.07515
0.520426
1.01512
1.88886
0.720852
0.0700377
0.54065
2.11786
0.916201
0.280326
4.15595
1.18977
2.22325
0.339938
0.543259
1.01986
3.84779
0.182176
1.43124
1.89154
0.104416
0.306461
2.67852
1.12143
1.43842
0.236102
0.264109
0.23753
0.0467114
0.617064
1.56965
2.14715
1.66727
1.39436
0.076965
0.153136
1.77784
0.889173
3.9431
0.292432
0.125482
0.266056
1.94425
1.60333
1.47695
1.73782
0.453019
1.07268
0.408159
1.46819
0.47744
2.85255
0.302625
1.01142
1.17865
3.4457
1.19395
0.271015
2.46646
0.17199
0.96447
1.97864
1.30573
0.112284
1.72615
0.357985
0.947096
0.379548
1.05779
1.02498
0.0378684
0.242935
0.0514411
0.017161
1.74356
2.91135
0.302506
0.739315
1.64906
0.273357
0.533692
0.850637
0.762754
1.29632
0.0588817
2.25443
0.482933
0.307521
0.593307
0.712392
0.784578
2.65975
1.62548
1.17011
0.120444
1.83236
0.378509
1.06256
0.167136
0.194168
0.00216673
0.355969
1.50692
1.04945
0.41964
2.30433
0.568612
0.523988
0.120366
1.46291
0.165854
0.631027
0.0190863
1.18319
1.55522
0.398832
0.915478
4.08568
0.923997
0.807935
0.33948
0.757581
1.14813
0.622099
1.17272
0.0739732
0.614904
1.21297
0.448464
0.420708
3.25586
0.835131
0.140423
1.04465
1.81299
0.186848
0.385938
0.133442
0.728038
1.90095
2.81033
1.16029
0.0671163
0.730688
1.90788
2.04086
0.204353
0.09566
1.71834
0.525879
0.550365
0.139541
0.710328
0.07242
0.233892
1.30837
0.121695
3.16703
0.137998
0.543309
1.4595
0.835686
1.82952
2.16407
0.951426
2.66263
0.374721
0.117093
1.14476
0.479466
0.933557
0.513243
0.253232
1.62856
1.83916
1.61553
0.82604
0.506997
0.236185
1.89909
0.734281
0.948442
0.409141
1.33055
1.55211
0.908418
0.227103
0.286908
2.0839
2.17472
0.101405
1.3283
0.208094
0.645973
1.9086
0.591372
0.993786
0.06252
1.67031
2.37255
0.346791
0.982082
1.76266
0.837843
1.07271
1.48429
0.315529
0.193164
0.700253
0.197784
0.239209
0.603349
0.0187892
3.70234
0.917043
3.00232
2.3911
0.143207
3.20769
0.564227
1.39924
1.10672
1.69848
0.593747
1.22035
1.61108
1.07787
0.0780224
1.31163
1.35201
0.327813
0.40307
0.736283
0.0294191
3.78821
1.67255
1.6085
0.346831
0.601465
0.581606
1.0126
0.446937
0.201985
0.965086
2.70493
0.832497
0.847471
0.361829
0.0483111
1.49129
1.17466
1.57842
1.18779
1.46729
1.39014
2.79102
1.03345
0.0413928
0.561229
4.67905
0.852238
0.168665
1.09446
0.681384
1.76552
1.6321
0.113381
1.58595
3.33545
0.0614018
0.931941
2.30652
2.53963
0.340181
0.860942
2.06192
0.495944
1.13429
2.14323
1.62644
1.0783
0.306562
0.0760954
1.57923
2.91338
1.19137
0.102702
0.230337
2.88963
0.309216
0.670381
0.0294388
0.328691
0.951563
0.291946
0.486104
2.81076
1.20451
0.32994
0.0699533
0.0551751
0.353311
0.120735
3.40872
1.9848
0.208643
0.0418805
0.154144
0.910598
1.55986
0.302885
3.9353
1.59322
0.865863
3.48796
0.205078
1.63706
0.0574073
0.860408
1.85273
1.00199
0.707438
0.524989
0.470436
2.90383
0.448757
0.387608
0.631605
0.597437
0.576741
0.184483
0.420473
0.273382
1.08351
0.39335
0.132883
0.0969032
0.4502
0.294534
1.4215
0.722793
3.38031
0.490367
0.477114
1.83572
0.884015
0.0725731
1.61035
0.760122
0.773012
0.452739
2.34655
0.874691
0.705821
0.991638
0.163048
3.84767
0.50241
1.59945
0.469272
0.625281
1.33365
0.274291
0.324428
0.148731
1.4033
0.981869
1.16828
0.0710214
0.0827771
0.0345028
0.0700054
0.474757
0.680908
2.21415
1.07874
0.577691
0.223835
0.226558
0.0271196
0.889374
0.495765
0.628819
0.419459
0.0740241
0.901741
0.626165
4.48285
0.484313
1.02709
3.00858
2.55286
1.84987
1.8778
0.176504
1.11746
0.329567
0.21143
1.4063
0.112062
0.0486443
0.40994
0.984806
0.679647
0.0425965
1.08514
1.03129
1.34769
0.019814
1.03204
0.615033
0.0300686
0.275874
0.110067
0.438811
0.104175
1.43267
0.533916
0.956178
1.50203
0.39332
1.45367
1.64078
1.99173
1.21276
0.579573
0.667489
0.558826
0.54703
0.0352392
2.85711
0.985371
1.17613
1.85206
0.486211
0.313167
1.12875
0.745423
0.29906
0.380435
1.156
0.495108
3.19826
0.485398
0.690357
0.226966
0.109007
0.0999724
0.612577
1.16343
0.172164
0.603678
0.119198
0.168796
0.564207
0.33367
0.0101547
0.265965
0.244115
1.28311
0.08039
0.837662
3.806
0.802837
0.130112
1.26586
0.568646
0.15056
0.757721
0.736201
2.63774
0.0117474
0.764725
1.2522
0.719047
0.254126
1.30517
2.26873
1.37432
0.140079
0.0245946
2.30858
1.94398
1.57718
1.50542
0.834021
0.446596
0.0567944
0.213858
0.565936
0.666858
0.677736
1.0064
0.135996
0.608234
1.7981
2.50205
1.69822
0.0563695
0.384791
0.252157
0.564678
1.06656
0.234392
0.161382
0.850343
0.829102
0.444805
0.0648917
2.34947
0.0165848
0.201551
2.86635
0.437495
0.352461
2.84844
0.831437
3.92797
1.28193
0.937233
0.0415229
0.582125
1.50544
0.480419
0.851308
0.0134503
0.523007
1.70845
0.058097
0.986893
0.0668197
0.59875
0.556188
0.0392582
0.55559
1.80965
0.443259
0.915051
0.143813
1.01939
2.55022
1.16774
1.06574
0.510127
0.883109
0.0417772
1.42504
1.38266
1.05903
0.170672
0.159435
0.00429587
0.867021
0.0511231
0.501389
0.644187
0.257193
0.0211062
0.591038
0.0740888
2.13162
1.33678
1.04489
3.34662
2.27237
4.11548
0.906879
0.419886
0.547663
0.539487
2.52859
2.29253
0.309546
0.994252
1.37448
0.0367619
1.10959
0.846493
1.0668
0.672152
0.307338
0.15195
0.483669
1.76117
0.00182587
1.06228
2.00309
0.271911
0.529325
2.80318
1.53658
0.182315
3.29965
2.56149
0.625914
0.308209
0.353766
0.151058
0.722936
1.99886
0.978253
0.473095
1.11806
0.125213
1.04874
0.212386
1.19695
0.437244
1.38072
0.210092
0.0675843
0.0910369
0.451278
0.602708
1.69612
1.19737
0.353969
0.385181
1.3203
0.0733252
1.03847
3.60106
0.0139604
1.04745
1.12369
1.81149
0.547591
0.392609
1.80166
0.498391
3.17829
0.0112759
2.56285
1.8933
0.464152
1.35406
0.797956
0.558564
0.488267
1.35661
0.10019
0.464776
0.0534463
0.739023
0.457799
0.398161
0.271359
0.58585
0.536403
0.336036
0.237699
1.34954
1.77875
0.267742
3.38946
2.29724
2.12633
0.905546
0.102784
0.537088
0.329035
1.24991
0.489335
1.15074
0.862997
2.83682
0.650266
0.980177
1.69592
0.805577
2.50322
2.46144
0.0791089
0.409521
0.352738
0.0159855
1.44077
1.8171
0.028899
3.95495
0.025335
0.985355
0.178995
0.778061
1.60196
0.584587
1.58738
0.694921
0.00657334
1.84259
1.49963
0.00903065
0.0257105
3.5236
0.163879
0.685434
1.73762
2.03529
0.665651
0.182234
0.126719
1.07961
0.979301
0.482335
0.149212
1.54559
1.01707
3.05836
2.75919
3.5205
1.89055
0.256723
0.207295
1.78341
1.56451
0.0366264
0.0752821
0.016142
0.144044
0.0829698
1.2198
0.0425827
0.669424
1.29771
0.0593678
0.0578592
0.62331
1.64144
0.891961
2.71206
1.09976
0.964258
0.0842077
0.322946
1.47689
0.289619
0.808546
0.329343
0.97635
2.98004
1.37586
1.79303
0.200658
3.0583
0.419747
0.369272
0.14154
0.0182276
0.41685
0.423501
0.447387
0.592659
3.96728
0.169946
2.07115
1.7622
0.567494
4.09838
0.196638
1.75991
1.73307
0.0443401
0.200032
0.0477225
0.542806
0.510843
0.929031
0.52341
2.55451
0.506073
0.133716
1.33167
0.980225
0.0360134
0.960535
2.45702
1.63541
0.443224
0.511361
1.28207
0.399334
0.0805969
2.91346
0.250095
0.0328317
1.46709
0.260831
1.99329
0.138459
1.05456
0.587815
1.69583
0.151569
2.85773
0.0307788
1.41106
1.11491
0.837
0.083735
2.78557
0.0389148
2.60769
0.257154
1.34696
2.68448
0.151719
0.0207818
2.57382
0.119772
0.310185
0.695412
1.02934
1.87503
0.220416
0.212321
0.410682
0.325465
0.46262
0.20235
0.403397
0.0594605
0.942451
0.222149
0.505077
0.575229
0.982784
0.217092
0.872359
0.119484
2.07255
0.550605
2.57021
0.123926
0.486343
0.302221
0.73747
0.280982
1.31425
0.584374
2.14225
0.488009
0.292877
0.136296
1.51787
3.40529
2.43193
2.10656
0.998704
0.850235
1.29929
0.15313
0.781758
0.523332
0.0723128
0.129186
0.0608428
0.0639556
1.93637
1.37191
0.83488
0.0470017
0.272425
2.4258
1.93959
1.439
0.317424
1.67922
0.581312
0.298319
0.214482
0.376611
0.453458
0.20899
0.604349
0.350718
1.96307
0.651326
1.36306
0.173032
0.295177
0.0889672
0.6555
0.00714579
0.178909
0.222832
2.02281
1.14535
1.64696
0.895834
0.409311
1.10022
0.143762
0.0885006
1.10085
0.938453
0.856983
0.56544
0.200029
0.731745
0.67316
0.739472
0.193744
1.81309
4.74015
0.0154366
0.792249
0.93769
0.552499
0.624094
1.71721
2.406
1.6889
0.190048
0.802638
0.854438
0.477132
0.210521
0.574736
0.66793
1.04545
0.11671
0.0125285
0.152362
2.76393
1.13646
0.684592
0.761803
0.0387528
0.577311
0.154196
1.37485
1.4039
0.357139
0.183166
0.645814
0.430564
1.13058
1.0514
0.869596
0.0462906
0.540576
0.0902426
0.145839
0.800083
5.4726
0.972325
0.0657264
1.43732
0.255654
0.923684
0.674854
0.420186
0.00449519
0.0295676
0.160544
1.20824
1.7135
0.452479
1.44744
0.946378
0.0189636
1.86052
0.0398956
0.499238
0.132271
3.89533
1.31975
1.96588
2.26349
0.314518
2.58642
1.13726
0.098645
0.109054
0.60277
6.30523
1.11967
0.761469
0.113437
0.912604
2.44107
0.0799656
0.220075
0.868276
0.200174
0.401034
0.372695
0.955805
0.579962
1.7048
3.37662
0.450669
3.28969
4.10951
2.04313
0.735826
1.70861
1.42418
2.60265
1.44879
0.123081
7.67725
0.364613
1.3118
0.535106
0.505974
0.705789
1.34238
0.346849
0.248518
1.03807
0.396168
0.144907
2.29018
1.09434
2.69701
0.831243
0.384409
1.26784
3.2931
2.24796
0.303555
0.691355
0.142901
0.408905
0.362964
0.270825
2.21992
0.486065
0.110833
1.10699
0.0916033
0.222209
0.0802212
0.234809
0.604908
1.98481
0.854349
1.34765
3.56373
1.52387
2.10184
0.0426012
0.67619
0.00995163
2.02645
0.658179
0.179048
0.769122
0.393951
0.408143
1.32891
1.11335
0.756264
0.7362
0.0203954
0.111406
1.02744
1.363
2.94999
0.483577
0.1004
0.558906
1.95888
1.71933
0.536622
4.37476
0.89679
0.888735
0.252188
0.208028
1.42626
1.19344
1.12064
1.27658
2.27749
1.67306
0.910477
0.316875
1.2204
2.30408
0.694907
0.692464
0.744006
2.20283
0.370866
0.854238
3.82563
1.77203
0.73318
0.798228
0.135449
0.0542618
0.38957
0.555487
1.13038
0.177279
1.70709
0.797815
1.32197
0.759428
1.29
1.94036
0.439907
1.11915
0.172736
3.11153
1.71988
1.7337
0.253785
0.617456
1.72161
0.175828
0.47454
0.0789363
1.32325
0.477143
0.290511
0.053188
0.0677446
0.940445
1.33521
1.29614
2.53765
1.28791
0.0374551
0.45747
0.0668475
0.0512592
0.134596
0.755375
0.575578
0.596708
2.98538
0.30596
0.994043
0.18482
0.0994878
2.98548
0.133477
0.136569
0.968139
0.430432
0.885163
0.808694
1.41512
0.179728
0.121868
4.62175
2.19896
0.915714
0.675056
1.75735
0.762599
1.45569
0.774246
0.40405
1.11021
6.47282
0.81227
0.23764
0.899076
2.18872
3.63614
1.6121
0.150092
0.216416
1.03666
1.02927
0.402405
1.48578
0.71296
2.46418
0.323137
0.371434
0.122217
1.7801
0.219053
0.54339
2.02757
1.30087
3.00758
2.79143
0.146503
0.118127
0.492376
1.36449
1.9801
1.60587
0.190371
0.205558
0.430549
1.98564
0.824042
0.844925
0.703411
1.2275
0.070479
0.713656
2.66666
0.436769
0.134755
0.00359328
4.63505
1.81766
0.481328
3.19852
3.36969
1.29656
1.21905
3.95817
0.658984
1.7732
1.19974
0.328921
0.0331138
1.71038
0.342326
0.91779
0.707751
0.14974
0.0740631
0.877773
0.594974
2.86834
0.116172
0.33875
1.36348
1.88441
1.4542
0.992329
0.211151
2.27099
0.397169
5.00667
2.51691
0.0434098
0.000707635
1.25578
0.12386
1.20883
2.8002
0.0718139
0.707978
0.206444
0.469634
1.56409
0.129366
2.40996
2.61655
0.148848
0.191943
0.56138
0.142488
0.304112
2.12675
0.726259
0.531238
2.04314
2.77321
1.21527
1.83037
1.07197
1.98676
1.81437
1.8353
0.176777
1.1591
0.436088
0.745078
0.597157
0.0224201
0.988989
2.84206
1.20162
0.643209
0.631294
1.33618
0.17967
0.465801
2.07658
0.0221651
1.25557
0.553331
0.119319
1.4891
1.2655
0.0178171
1.2895
2.19105
2.20361
0.399482
5.98907
0.859713
0.781797
0.627425
0.491977
0.82619
1.47983
0.637815
0.886843
1.39198
0.13536
0.875251
0.706945
2.24974
0.821911
2.90662
0.780591
0.186886
1.17394
0.191356
0.552744
0.403728
1.99342
3.22286
5.3696
1.79586
0.695965
0.537413
0.153245
0.207292
1.87163
0.00619955
1.13847
1.072
0.668608
0.540175
5.36452
0.319595
1.17138
0.0736677
0.0267799
0.195064
0.614453
1.17616
0.308171
0.45381
2.05672
0.595872
0.027388
2.87754
0.338143
1.43287
1.06541
0.658924
1.69312
1.12065
1.82619
1.19947
0.567167
0.507612
0.261301
1.45498
0.610746
1.92135
1.4886
0.296895
1.2789
0.871309
3.64388
0.0415049
0.951666
0.37504
2.34007
2.81169
0.655808
0.143594
1.10846
0.331343
0.422363
1.1627
0.838806
0.882943
0.69014
0.823317
0.59743
0.522578
1.01265
1.87476
0.188762
0.338985
0.0888323
2.55927
0.160995
1.14321
1.70116
2.03789
1.38579
1.41172
0.315543
0.757262
0.256751
1.72679
0.296235
1.37194
1.23393
0.733362
0.449777
0.0227906
2.92126
1.36922
0.304653
1.13581
0.362112
3.33287
0.0178807
3.41411
1.42473
1.06103
1.50402
1.47459
0.487264
3.53654
1.40241
1.04456
1.65096
0.844843
1.41876
0.284052
1.72545
0.65219
1.52542
1.50741
1.81237
0.12935
0.212062
3.65427
1.56489
1.22702
4.79422
0.584157
0.730072
1.67438
0.459967
0.848578
0.644687
1.58142
0.276264
3.37108
0.0975406
0.366908
0.414732
0.179631
2.46389
1.03518
2.63723
1.25522
0.224176
0.885303
0.27687
0.682738
2.13348
0.345231
1.14952
0.247527
0.0796629
1.11754
0.407238
2.12625
0.0468645
0.674084
0.428731
1.1541
4.14575
1.74296
0.986751
2.31398
0.162979
0.958033
0.0775308
0.422444
0.69679
0.132746
2.07909
0.457637
0.740342
1.18346
0.643914
1.27632
3.77403
0.297676
2.18749
0.262362
1.91574
2.17182
0.365502
1.79437
2.86956
0.579523
0.907817
0.00175767
0.128002
2.53131
0.543236
0.415341
2.21733
3.97203
1.30918
0.00890641
0.740451
0.128765
1.80199
0.741896
0.890326
0.156779
1.22527
0.524159
0.0171051
0.30812
0.251552
2.97192
0.00471775
0.134532
1.49791
2.22466
0.206758
0.244417
0.661231
0.0738387
2.20553
1.19922
0.293868
0.350683
0.322699
0.376923
1.13088
0.47021
0.759973
0.331322
0.931651
1.53149
0.75689
0.600425
0.0228359
1.71432
0.758016
0.161263
0.56076
0.571513
1.29061
0.474114
1.01386
0.20965
0.83354
3.04816
1.26862
0.246797
2.73234
5.17949
3.27332
3.41573
4.15817
0.372802
1.95945
0.495883
0.0140336
0.342441
1.0454
0.447995
0.0253645
3.08151
0.642147
1.92101
0.235995
3.40748
1.32047
0.0748468
0.737252
3.49712
0.222663
0.923619
3.72123
2.35829
0.0953796
0.184576
1.11965
1.36278
1.39638
0.832664
0.0208562
1.80666
2.08923
0.15461
3.85619
0.960957
0.0276635
0.967714
2.49502
0.276074
0.209419
0.282047
0.76411
1.85043
1.18905
0.895183
2.55493
0.687548
1.71403
0.643223
3.39965
0.304384
0.246447
0.710097
0.594617
0.199363
0.306168
0.619517
1.23645
3.84279
0.375819
1.02172
0.0728207
0.915237
0.264254
0.521708
0.600559
2.829
2.35046
0.0496851
5.3582
0.275714
0.912751
0.772754
2.70537
0.739536
0.165225
0.503231
0.270012
1.38394
0.704795
0.312176
0.0741185
0.986162
0.701729
0.517808
3.12677
0.38033
3.22774
0.1529
0.979448
0.212807
0.298129
0.0334343
0.0474011
1.883
1.79474
2.26197
0.00579177
0.697899
1.03065
0.172943
0.00627018
0.410968
1.45019
0.306048
3.63582
0.298542
1.67633
0.0748699
0.107747
0.402524
0.0625112
0.117752
1.45854
0.607733
1.24325
0.327834
0.652156
0.866329
1.54541
0.9632
1.87401
0.228725
0.0352023
0.759021
0.311601
1.15871
0.186239
1.14768
1.70783
1.47385
0.980311
0.143288
0.477387
1.67603
0.416305
3.0006
0.667491
0.374247
0.622985
0.379878
1.32386
0.0192574
0.853935
0.771448
0.0402925
0.637207
0.947296
2.80212
2.23003
0.0914132
3.27936
0.631366
1.12789
0.554032
1.56594
0.104601
0.429141
0.359534
1.25237
5.21997
0.301841
1.15555
1.81851
0.706839
1.40553
0.91642
0.981385
1.64695
0.398988
2.08187
0.695911
0.236569
0.0225784
0.350355
1.59455
1.0287
0.317641
0.0305047
1.03839
3.23991
0.330407
0.744135
0.112059
2.55668
0.275404
1.76899
0.225128
0.213641
0.531116
1.18301
0.167944
0.755645
0.0299591
0.35113
2.2029
0.632485
0.842521
0.349164
1.30872
0.0266492
0.551547
2.38127
2.2307
0.221957
3.57777
0.111463
0.495706
0.0966759
0.728631
0.548226
1.25303
0.811516
0.296081
0.220069
1.66352
0.274086
1.00379
1.19743
0.00699682
1.79009
0.196581
0.433138
0.911011
1.82481
0.103333
1.09169
0.268192
1.81205
1.21989
0.0970187
0.219863
2.74879
1.33548
1.94881
0.543182
0.51737
1.64272
0.64911
0.196206
2.57542
0.332491
3.12045
3.27353
1.03877
1.26005
0.690294
0.430832
0.407152
0.102835
1.67052
1.00266
0.151488
2.13298
0.138871
0.9057
0.348973
0.00199564
0.80156
0.129602
2.40145
1.00165
0.717757
0.122424
0.351046
0.577523
0.662062
0.703443
0.315169
0.857229
0.180649
0.84084
1.81678
0.482283
3.24803
0.133342
0.689554
3.02926
0.620269
2.57039
0.0523474
0.126739
1.57895
0.605021
0.307462
1.4094
2.09133
1.98536
1.51294
0.161848
0.308683
1.31088
2.58543
0.765832
0.0569493
0.374649
0.913982
3.53592
0.0639908
0.991359
0.0957709
0.224406
0.324103
0.650483
0.754215
1.84362
0.633418
0.594207
0.763445
1.99558
0.822186
1.41107
0.358412
1.5582
0.961035
1.70083
0.97669
2.58913
0.468955
5.21408
0.227696
1.7071
0.999227
0.597038
0.237693
2.35419
0.154645
0.628023
0.14508
0.781368
1.71985
2.39205
0.19149
1.62713
2.43049
0.396422
1.18486
0.81498
0.578025
1.28938
1.22146
2.11331
0.0884262
1.38649
0.384437
1.26816
0.326661
1.93303
0.547272
0.189213
0.458038
0.371257
2.1962
0.158987
1.61579
0.588244
1.23179
0.123638
0.733166
1.12948
0.686691
0.234738
1.83814
0.852724
1.73988
0.138625
0.969293
0.184204
0.630905
0.933751
0.513432
0.0389092
0.264448
0.365887
0.466688
1.32064
1.11406
0.593849
0.662415
0.1695
0.929376
0.263371
1.56563
1.10809
0.694688
0.42886
0.460269
2.23106
1.503
0.312413
1.11614
0.0822448
1.61337
0.0210858
0.492198
1.61414
1.14593
2.55882
0.109447
0.117851
1.04276
0.0303341
0.726541
1.2988
1.20082
0.795135
3.90954
0.871806
1.36942
1.41793
1.21804
1.54256
0.177474
1.69228
1.93603
4.5401
0.411886
1.2206
0.548284
0.140702
0.393211
1.83313
0.60524
1.00533
0.277692
1.14952
2.65345
0.24856
0.260617
1.20676
0.310861
0.0932767
0.925652
0.882859
1.62205
1.32638
1.61699
1.08578
0.740196
2.3853
1.45437
2.9057
0.643991
1.24824
0.309139
1.43131
1.70004
1.72243
0.293517
1.16001
1.00882
3.96578
0.25913
3.43755
0.10443
0.328964
0.81921
1.43737
0.363409
0.0890044
0.707095
0.949048
0.53156
2.71287
0.891787
1.44043
0.230083
0.0901015
1.01962
1.39215
1.51834
0.320551
0.119705
0.501421
1.26921
0.859457
0.8652
1.66728
1.20902
2.08837
1.29874
0.327349
0.227061
0.239851
5.22713
0.477609
0.181853
0.972595
0.744685
2.58641
0.00907956
2.17825
2.74215
2.12587
0.0831637
1.24946
0.743883
0.815804
0.192235
0.466
1.05785
0.691581
0.913669
0.00714127
0.016124
0.321696
0.633896
1.1131
0.195098
0.454015
0.227929
0.858376
0.762037
0.179048
1.41719
4.93965
3.82495
1.79424
0.583478
3.81099
3.78032
3.20858
0.236699
0.401499
0.00693009
0.22548
0.274984
1.33002
0.551667
1.18396
0.133575
0.100491
0.550935
0.87334
0.601598
2.80885
1.93958
1.25685
0.897643
1.79116
4.02001
1.50255
0.168654
0.213052
0.420683
0.321362
0.442729
0.181314
0.147196
1.32138
1.84371
0.0411642
0.373774
1.82855
0.401548
0.318973
3.76466
0.521586
0.0638597
1.79275
0.706836
0.754243
0.965485
2.18367
2.55966
0.183176
1.00158
0.531754
0.167019
1.36229
0.602781
0.51898
0.21572
0.540165
0.558635
0.0215581
0.659186
0.011885
0.228503
0.18937
0.108647
0.261648
1.51116
0.208726
0.853747
1.09582
0.626748
0.8326
0.144132
1.67109
0.93572
0.0304293
0.139997
1.19059
0.948449
0.473369
0.782076
0.783036
1.96807
3.44401
0.073747
0.26178
0.19633
0.034615
1.52633
0.940931
1.52803
1.65764
0.79004
0.515117
0.202698
0.467875
0.567725
0.526554
1.45748
0.62479
0.953143
0.264219
3.11331
0.454614
0.947174
1.85645
0.0977938
0.375224
0.9004
0.225387
0.185197
1.33762
2.13112
0.797739
1.3372
0.133718
3.2138
0.114829
0.123701
0.562351
0.0937549
0.515222
0.0697798
1.38767
0.773345
0.724983
3.29179
0.0418613
0.107357
1.80131
0.801379
1.59348
0.477407
2.76781
0.12901
1.17682
0.269026
0.587417
0.133692
0.289476
0.233419
1.30798
0.375885
0.437286
0.789433
0.120891
0.776613
0.376962
1.3839
0.703924
0.977526
1.73168
0.665285
1.02349
1.15243
3.44195
0.389252
0.492108
1.47751
0.521415
2.55556
0.114055
2.35714
1.86605
0.0273977
0.554004
1.17579
1.58871
0.324711
2.26173
3.55699
0.35763
0.502217
1.76994
0.160943
0.471312
3.19407
1.28504
0.820992
0.00152313
0.356378
0.532454
1.30024
0.809373
4.91097
1.45761
1.43937
0.159358
0.012533
1.13038
0.872463
1.15157
1.24382
0.186534
0.138835
1.82672
0.611218
0.397196
1.11059
1.74621
0.336145
0.576866
0.657533
0.0719915
1.77264
1.64756
1.2889
0.284101
1.19371
0.649031
0.808231
0.541664
2.63713
0.00343868
1.67863
3.11686
0.00914109
0.695393
0.00607585
0.0605829
2.89921
0.0802025
0.36718
0.624237
1.24423
0.912994
0.056225
0.369614
1.67365
0.165884
0.125472
2.47926
0.916861
0.433928
0.397293
3.18093
2.3665
1.81545
0.163827
1.18951
0.0676506
7.07327
0.00633436
0.225289
0.108142
1.35331
0.220669
0.141076
1.46355
1.00027
0.013564
1.42755
0.72039
0.140593
0.176095
0.765618
0.0128994
3.07
0.70081
1.54428
2.09325
0.561945
1.98222
0.876376
0.813927
0.0524492
0.566462
0.873769
0.551834
0.453799
0.59594
0.546137
0.200829
0.318532
2.53016
0.220009
2.64954
1.60818
0.0982802
0.688881
0.15915
1.16353
0.809054
1.8971
0.0573231
0.595604
0.0421806
0.305833
0.300821
1.47683
0.140722
1.25245
2.58632
0.305643
2.28195
1.54944
1.08171
2.63278
1.00662
0.859799
0.299583
0.226516
0.0307281
1.07297
0.70331
1.46802
0.18699
0.492194
0.159204
0.939471
0.00644234
0.662677
1.74971
0.886176
2.85804
1.37102
1.05782
0.263861
0.806892
0.232272
0.827205
0.312447
1.12654
0.115211
0.0301383
0.276289
1.23636
1.26715
0.171684
0.125372
1.32352
0.74745
1.72976
0.711894
0.599445
0.0153789
3.69499
1.45505
3.03963
0.172473
0.505802
2.54007
2.19971
0.564939
0.696683
0.0555793
0.953272
1.33332
1.79755
0.168209
1.24085
1.94767
0.89414
0.0725687
0.130062
0.15872
0.906652
0.499231
0.393219
1.60229
1.94
2.8951
0.487079
0.143313
3.18514
0.259557
0.138814
0.239842
0.187244
0.599012
0.084133
0.967822
0.074825
0.216094
1.93354
1.27356
0.173211
0.215375
2.54549
2.15352
0.792618
0.119124
1.16296
0.139633
0.45654
0.700561
0.194606
0.508453
0.87094
1.00054
0.0247443
2.16537
0.12256
2.03695
0.638564
2.45892
0.170043
0.38688
0.10485
0.144707
0.829716
1.02477
1.05428
0.147765
3.71956
0.107365
1.68127
1.99309
0.106268
2.06984
0.00649341
0.712257
2.09728
0.56413
0.457342
1.86426
0.261
0.438347
0.0293111
0.194812
1.27023
0.111703
0.689856
1.15154
1.31247
2.59453
4.24946
0.773114
1.39916
0.553277
0.655327
0.129681
1.50775
1.03075
0.825627
0.0881245
0.507475
0.487972
0.794367
0.142133
1.4693
1.50967
2.00718
1.35407
1.15304
0.320927
0.386438
0.329956
0.515816
1.44377
1.50062
0.165897
2.15574
1.29585
1.62798
1.23127
1.68422
1.75244
0.325934
2.65418
0.556194
0.591732
3.99159
1.31083
0.149322
0.534914
1.15607
0.401467
0.270665
1.93431
1.03496
1.37853
1.95265
0.332127
1.41815
0.503178
1.02681
0.152075
1.66841
0.220294
0.175821
0.0867145
0.117237
0.766379
0.309856
1.43431
0.266532
0.0514675
0.399573
1.08534
0.367417
1.52537
0.683185
1.31922
1.49516
0.823105
0.156738
1.46799
3.77331
0.3122
0.215072
1.48329
0.526299
3.4378
3.05015
2.15514
0.00748894
1.61445
0.368214
0.241027
0.946251
0.5408
0.713227
1.63717
0.866444
0.543479
1.04642
0.249163
0.0788428
0.233777
0.424344
0.670577
0.126342
2.03824
0.32066
1.28384
2.64953
0.528075
0.557254
1.71144
1.192
0.850664
0.326237
0.862879
0.0257381
0.00144482
0.48712
2.25273
2.17942
1.20442
3.02149
0.238409
1.84629
2.47056
1.33971
0.704662
0.169777
0.445884
4.95615
0.529265
0.270106
1.0513
0.116435
0.340417
0.588869
0.581703
0.630468
0.552738
0.565904
1.81985
1.8257
1.62526
0.562813
0.0660342
0.367954
0.122042
0.0870474
0.658305
2.66641
2.53508
1.21269
1.48223
2.67758
0.16148
3.12267
0.634463
0.279639
0.518954
0.469602
1.10307
0.0808314
0.192568
0.0168267
2.29185
0.0768809
0.144503
0.319338
0.841489
1.90207
1.10697
4.86331
2.85873
0.337587
2.90281
0.287694
0.293047
0.0862705
0.688341
0.144347
0.874397
0.13348
0.823938
0.769047
0.716968
0.963811
0.751891
2.42785
0.191583
3.0099
0.363492
2.39665
1.05026
0.502317
0.770615
0.29952
1.32187
0.104552
0.99382
2.44358
0.326197
0.192725
0.246273
0.653354
0.710898
0.178704
0.437742
0.365794
0.0858494
0.234884
0.496392
0.54129
0.193981
0.109057
0.0544817
0.731765
0.484639
0.689191
0.218335
0.517956
0.117764
0.101677
0.481218
2.33668
0.412518
3.34802
1.5949
0.49091
0.0593667
1.04686
1.57327
0.713836
1.26358
2.1952
1.39233
0.193666
1.10117
0.269189
0.229428
0.877318
0.336293
2.65312
0.261282
0.325276
2.74815
0.730836
0.0950619
0.735777
0.729449
0.070298
0.208497
2.39828
1.77783
0.502173
0.188254
0.766205
0.418324
0.938359
1.0731
0.0414654
0.0617451
0.399283
0.450621
0.925775
0.0688447
0.438535
0.309223
0.115992
2.3943
0.509242
0.108943
0.0861002
0.380624
2.79527
0.122367
2.12626
0.236526
0.0763319
0.127125
0.909507
0.198654
0.497004
0.059884
0.0777447
0.399075
0.574022
0.785058
0.36237
0.201641
0.503687
1.44773
0.0385929
0.449423
0.904045
1.30958
0.0647163
1.48944
0.299188
0.652613
0.0175784
0.350677
0.727918
0.071779
0.210113
0.293236
0.673311
0.259663
1.3668
0.0215327
0.302138
1.47538
0.346839
0.93958
0.865016
1.71067
0.261105
2.00836
1.05429
0.622556
0.104637
0.0917938
0.908241
0.541013
0.0675079
0.249505
0.405597
0.662553
0.804115
0.100838
1.36166
0.015945
0.249702
0.948672
0.186969
0.642714
0.723172
0.195287
0.347269
0.133522
0.220989
1.80678
0.818581
1.96817
3.62969
2.44374
0.188223
0.0135114
0.0603838
2.71518
0.65302
1.59145
1.14166
0.679238
0.564202
1.0492
0.531234
0.136673
0.240749
0.524913
0.708368
0.0326348
1.20641
1.45367
0.0537419
2.35767
1.86821
0.258314
2.20479
0.471388
0.216826
1.57535
0.0824483
2.67253
0.631012
1.43557
0.333443
1.2884
0.0309246
1.72088
3.42601
0.0665674
0.436184
0.383353
0.278675
2.39533
0.242009
0.176646
1.07545
3.64085
0.785934
0.835828
0.159224
0.0696579
0.310316
1.98213
0.206369
0.699035
0.760812
0.19371
0.896144
0.64031
0.0919374
0.0962551
0.201207
0.315214
0.114829
2.22789
2.04824
0.36046
1.68095
0.0846334
0.653856
0.0783039
3.28056
2.56293
0.0325375
0.404465
1.82815
0.330858
1.99897
1.15749
0.241069
0.795833
2.57737
3.34108
1.05882
1.83207
0.998948
0.578931
0.908884
0.213193
2.47038
0.955386
0.353449
1.50223
0.61388
1.07417
0.069835
0.57067
0.090269
0.0895403
0.0288501
0.019173
0.208497
0.2087
0.554871
1.67224
0.0489066
0.262634
0.952495
0.417825
0.462568
0.797739
0.334679
0.998276
1.70093
1.64684
0.53563
0.383167
1.4938
0.31971
0.642174
0.416328
1.60395
0.620094
0.942041
0.190292
0.236954
0.651985
0.6474
0.162942
1.15033
2.13633
4.17774
0.580415
0.294468
0.612136
0.234922
0.306559
1.38889
2.55137
0.869253
0.449686
0.907767
0.302214
0.645278
0.164281
0.424376
0.31519
1.11672
0.828729
0.307216
0.377743
0.573668
2.73138
4.15741
0.582532
1.73158
1.16428
0.512862
0.167176
0.220906
0.247089
1.3758
2.99818
0.186382
3.11941
2.42646
0.934988
0.377277
0.249574
0.514792
0.284696
0.747577
1.24758
0.351382
0.144596
1.22052
0.345191
2.25941
0.876021
0.0965565
0.0842928
1.67209
0.366163
0.495466
0.0119587
0.357209
0.817859
0.474182
0.698124
0.317751
0.812816
0.437837
0.297065
1.25805
0.321923
0.256568
1.72499
1.37714
0.0168811
3.50459
0.367301
0.358559
0.0885064
0.176532
1.71712
0.765204
1.52209
0.452171
2.14087
0.520399
0.583406
0.916769
2.17816
0.611203
0.585912
2.25397
0.442882
0.148862
2.28535
0.369766
1.00453
1.14014
2.60847
0.0113497
2.52369
1.97266
0.901458
2.68214
0.210486
0.424168
0.521303
2.0215
2.32245
0.0993933
0.2662
0.940143
3.59693
0.146082
0.49971
1.36927
0.535262
1.09045
0.242265
0.810739
1.07794
0.19402
0.307284
1.06746
0.120345
0.233926
0.16271
0.0155384
0.0357306
1.02855
0.453662
0.711746
2.15323
0.89887
0.885911
0.483143
0.54801
1.21385
1.40622
0.243743
0.416865
4.54845
0.561134
1.03409
0.159942
0.925618
3.84963
2.12575
3.03973
0.89691
0.254131
0.156939
1.22301
0.129509
0.0904121
0.372434
2.97541
2.88083
0.591837
0.712835
1.14632
0.928028
0.103377
0.0908625
1.01471
0.351452
0.494089
1.29235
0.694221
0.677653
1.5596
0.677193
1.66668
0.188076
0.518116
0.0158548
0.312469
4.14691
2.16722
2.10745
0.201011
1.10907
1.08116
0.387583
0.437009
0.846337
0.282006
0.246633
0.344833
0.0678613
0.00920939
0.359984
2.19997
1.52363
1.25946
1.12089
0.736178
1.91362
0.547024
1.0852
2.72763
0.3867
0.154289
0.348447
0.595182
0.350649
1.30518
1.06766
0.697991
0.707922
1.06669
0.514843
0.602237
0.0337257
0.7889
0.200156
0.330841
0.108885
1.55481
2.69283
1.21821
0.849025
0.00392074
0.0467609
0.464545
4.01434
0.676515
1.73818
3.6203
0.343956
0.636369
0.191177
1.12754
0.474896
0.0257481
0.282125
0.0661528
1.34922
0.265715
0.735133
0.565202
0.242795
2.14234
1.69141
0.722587
1.12422
0.930602
2.1741
2.19508
0.277873
1.0282
0.185242
0.793788
0.0975081
0.806934
1.85061
0.0502947
1.19654
1.15847
2.24475
0.164482
2.15873
0.655969
0.105431
0.957852
0.479191
0.196961
0.286014
1.74496
2.17859
1.11112
0.044893
0.342569
0.748602
0.451028
0.629595
0.807102
2.26634
0.702272
0.314642
0.0204742
2.91776
0.158388
1.6128
3.52198
1.31366
1.6279
2.37338
0.157138
1.60819
0.99435
0.229229
0.982923
0.275663
0.754489
1.26363
0.236882
1.10314
3.28856
0.540184
1.94543
1.41787
2.40241
2.18375
0.21228
1.23689
0.0936534
2.77362
0.158985
0.201694
0.502427
0.300106
1.51396
0.839382
1.57284
1.38654
0.699358
1.80201
0.720426
0.27304
0.199807
1.32448
0.230756
1.43808
0.443714
1.11142
0.632245
0.848993
1.23515
0.405866
1.40572
0.077308
0.478804
1.71027
0.245479
0.244848
1.79671
0.498623
1.67318
2.46001
0.03603
0.2489
0.464845
0.0845067
0.260286
1.74308
3.19939
0.495894
0.221211
0.20299
0.881389
2.29741
0.101417
1.46083
2.99619
1.69105
0.425579
3.09376
1.63559
0.483041
3.1639
1.30645
0.179782
2.73017
0.16058
1.99372
2.52579
0.955157
1.08235
0.288267
0.660014
1.92987
0.32479
0.131743
2.38116
0.629147
0.416962
0.610735
0.33061
0.158518
0.65572
0.774294
0.0307602
0.507629
0.352351
0.139424
0.375579
0.408606
0.580852
1.0092
1.42283
0.339805
0.984315
0.663843
1.2359
0.00416937
1.37606
0.0486011
1.46442
0.123347
0.0760519
0.0623496
1.6286
0.306113
0.364044
0.337408
0.127092
1.034
3.68337
2.02824
4.84584
1.76881
0.0892862
0.43059
0.210742
3.2238
1.72115
0.141036
0.724191
0.85682
1.79783
2.9385
0.889353
3.13274
0.346692
2.06651
1.32804
0.776446
0.870686
1.96563
1.38272
0.544429
0.395903
1.76007
0.384031
2.34013
0.121598
1.01408
0.181412
0.51095
0.459116
2.44554
0.490208
1.52919
0.863889
0.33906
0.0430759
1.10404
1.55924
0.650698
1.85262
0.850918
1.17483
0.371772
0.891849
0.796615
4.14838
2.75977
0.224278
0.597927
0.72047
1.13549
0.336714
0.0860231
0.89721
0.134062
3.31056
0.54893
0.962938
1.48129
1.16234
0.164698
1.13208
0.018914
0.416198
0.939432
0.0187054
0.221251
0.091544
0.00137054
1.29754
0.630651
0.400115
0.695984
0.315048
0.183464
0.882964
0.199113
0.204428
1.51838
0.491505
1.58955
1.40034
1.20732
2.17186
1.60457
0.10479
1.77541
0.786427
1.11226
3.07321
0.0329453
0.0334308
0.47148
1.30784
0.926275
0.773356
0.464416
0.118883
0.490866
0.117443
1.17019
0.228225
0.0375771
0.689135
3.09581
0.35941
0.594761
0.0843409
0.109824
0.01171
0.45754
3.07686
2.54587
0.0222424
0.407758
0.411779
0.263757
0.643823
0.11228
3.02367
0.695143
0.577119
4.34913
1.1333
1.80724
0.296406
1.29685
0.304513
1.79755
0.406842
0.684843
0.0406207
1.05013
0.307247
0.077638
0.681741
0.0412095
0.410775
0.154995
1.40954
2.33274
0.606827
1.59065
0.588107
0.723431
2.4603
0.391105
1.31385
0.645408
1.67011
0.569844
0.13708
2.71761
0.394558
0.219363
0.610154
0.874827
0.330503
0.905378
0.350026
0.850896
0.291912
0.298863
0.234609
0.175777
0.207414
0.135466
0.0663007
0.69247
0.274422
0.385075
0.687344
1.89363
1.65927
2.07441
0.311408
0.368942
1.05329
1.54905
1.63513
0.894022
0.162384
1.2211
0.738182
0.336227
1.03839
0.519761
0.0751766
1.47734
0.0605743
0.0312683
0.0932894
0.132363
2.22947
0.243233
1.17384
0.343708
2.51641
0.689685
1.85491
0.0174776
1.6263
0.812791
3.70825
0.216109
0.874609
0.00221639
1.17989
0.948469
1.02823
1.36346
0.581351
1.27945
0.978308
2.52927
0.77976
0.383695
1.14109
0.939546
0.250413
0.291481
1.15561
0.261918
0.00748234
1.76462
0.361687
0.38364
0.0487174
1.24634
0.231948
0.0120927
2.46986
0.902227
0.50424
0.486139
1.77071
1.93475
0.0439168
0.576071
0.0241597
3.16974
1.59026
1.3159
1.29816
0.300503
0.413973
2.25689
0.240967
0.18872
0.288115
1.52473
0.625541
2.55984
0.498665
0.201571
1.18033
0.516881
3.17239
1.35667
1.30238
0.042455
0.0445157
1.7054
1.3778
0.356976
0.987598
1.63088
0.0901424
0.282502
1.90962
0.422414
0.754892
0.0779131
0.815871
0.489632
1.19644
1.5279
1.74205
0.842744
0.0336312
0.333472
1.88398
0.0341745
1.96634
0.824651
2.16009
1.43888
0.957431
0.233004
3.04918
0.673596
0.852476
4.00281
0.199938
2.65825
0.237606
0.0724038
0.218712
0.866937
1.44755
0.214162
1.34833
0.201548
0.704894
0.0222184
2.04295
0.637227
0.584044
0.828357
0.397107
1.93159
0.827297
0.321163
0.0956255
0.383024
0.399954
0.0196691
1.73938
1.14442
0.808068
1.64199
0.216073
1.07462
0.717751
0.25904
2.29813
0.456387
0.893
0.360298
2.31211
0.288907
0.690305
0.784593
4.92004
0.518049
0.0365704
1.01016
5.06323
0.141528
0.57083
1.02959
1.05272
0.340556
0.0194716
1.419
1.44301
1.02588
0.805033
0.274055
3.36688
1.2749
1.50051
0.0745257
0.576692
1.14158
1.38751
0.018566
1.15432
0.740425
0.73091
1.28714
0.679248
0.272072
0.0885223
1.4653
0.246018
0.218488
0.0426805
2.03411
1.71959
0.261606
1.53073
0.261715
0.253977
0.0955775
0.427038
0.0923573
1.1681
0.445086
1.95939
3.23693
1.17586
0.312584
0.666094
0.109337
0.318508
1.80246
0.816771
2.4819
0.164902
2.88079
1.92135
1.72071
0.695374
0.731662
0.36501
1.6396
0.234662
0.117641
0.759429
1.1899
0.959534
0.193901
0.464061
0.296701
0.555389
0.682315
4.34137
0.0250423
1.18612
0.552836
1.71333
0.0731723
0.156857
1.39894
1.65404
1.43685
2.07884
0.341881
1.11158
1.55406
0.34312
1.37713
0.287349
1.86266
0.0496722
0.515055
2.12746
1.22084
0.569059
0.402087
1.30004
1.33788
0.966579
0.0416242
0.198313
1.51687
0.962948
0.440186
0.0913047
1.8501
0.137481
2.94302
0.154065
2.16629
0.815021
2.48666
2.553
0.777298
0.631013
0.832004
0.680752
2.58073
0.797036
1.19195
0.470886
0.790047
0.747215
1.52284
0.721152
1.05823
0.317818
0.465498
0.0354678
0.679647
0.299915
2.44573
0.0220681
0.509265
1.02686
1.76375
0.756251
0.0531684
0.202271
1.03884
3.98971
0.215508
0.088392
1.53756
5.33806
0.0359737
0.552867
2.02796
1.05533
1.1428
1.07349
0.265327
0.287106
0.109725
0.109227
0.066075
1.95381
1.14692
0.445639
0.476073
0.219024
0.574605
1.27884
0.0285582
0.227779
0.343518
1.53255
1.68442
2.22702
1.42038
0.0976756
0.961035
0.355321
0.462128
0.651804
0.538474
0.073813
1.35439
0.612657
2.25839
0.134332
3.59005
1.9167
0.845522
1.20294
0.0222021
0.600347
1.01212
0.831365
0.666787
0.546793
1.63878
1.96029
0.0189171
0.221736
1.39719
1.13676
0.4327
2.46665
2.88825
1.29489
8.49513
0.317622
5.32384
0.0411451
1.26952
0.216596
1.09623
4.28528
0.428438
0.0917323
0.755065
1.08575
1.01347
0.206275
0.25723
0.805114
1.7536
0.137743
1.75269
1.63054
0.63285
0.594281
0.190826
3.90283
0.0466957
1.24531
0.163516
2.83175
2.02476
0.343631
0.092044
0.59343
1.75042
0.270675
0.462997
0.242575
0.122958
1.31794
0.230003
0.283951
0.118901
3.13305
3.93183
1.14382
0.748577
1.49869
0.559499
0.357805
0.175102
1.34513
0.611346
5.7129
7.63852
2.68325
0.332925
0.22291
0.0143704
0.936636
0.0165631
1.80786
2.1037
0.205073
0.205745
0.130073
0.754998
0.91378
2.42384
4.34714
0.532608
1.45754
1.67544
2.10944
0.0562287
0.728231
1.11638
2.04911
0.670265
2.49461
1.82897
0.732057
2.34057
1.47294
0.302035
0.946083
1.22513
0.176187
0.0608336
0.560554
2.69917
0.190226
0.0669359
0.337031
0.604867
0.303729
0.341185
1.06055
1.12
2.28778
0.0739302
0.281135
1.54707
2.41756
0.998356
0.0196351
0.525326
2.05371
0.320736
0.266253
3.02993
3.33805
0.625706
0.10742
0.0376011
0.24233
1.0026
0.342363
1.16957
0.249152
2.27413
1.34153
0.247029
3.58509
1.02568
0.704441
2.83619
0.494391
1.44486
0.629143
1.69693
0.521578
0.379647
1.46649
1.05842
0.76344
1.06845
0.145841
0.249532
1.09447
0.573789
0.284546
0.321965
1.89328
0.266972
0.57744
1.06352
0.143466
0.716034
0.504964
4.43259
2.6485
1.28132
0.252282
1.30816
1.64764
0.878043
0.459041
0.965053
1.91375
0.147218
0.66059
1.55412
0.758135
0.614067
0.282053
2.58846
1.84559
0.489473
0.131654
2.63565
0.193317
3.34042
0.706771
0.788273
0.42233
0.722717
0.513321
0.153643
1.67352
1.37372
0.293898
0.933711
0.277564
0.3709
1.30757
0.0520885
1.26776
0.841498
0.162261
0.119488
2.64832
1.78717
0.305429
1.61513
0.519192
0.440664
1.08282
0.357851
3.98695
1.82846
1.50702
0.620649
0.756765
0.30165
0.156044
0.139985
0.397412
0.28358
0.604034
1.43393
0.856987
0.229164
1.02564
1.05097
0.218205
0.0372222
0.71882
0.9508
0.389483
2.71514
1.66237
1.01486
1.40558
1.7123
0.474518
0.839701
0.173714
0.204497
0.284829
0.735215
0.421339
0.185706
3.25927
0.786787
0.85438
0.28385
0.850898
0.581052
1.42483
0.731826
0.00737224
0.594553
0.274493
0.56263
1.14048
1.01344
1.9245
0.52491
0.245109
0.325775
0.557149
1.54197
0.218056
0.537406
1.24142
0.308112
6.1351
0.126376
1.13508
1.576
0.27038
5.30752
0.930221
0.835847
1.05894
2.06695
0.308133
0.0521016
0.196
3.05839
0.644652
0.159599
0.734934
3.65674
0.226429
0.798913
0.396573
0.455179
1.17101
1.06825
0.953909
0.43744
0.371585
1.81616
0.737784
0.365464
1.71384
1.34967
0.130931
1.79115
0.0483808
0.092506
0.0448595
1.1253
0.586475
1.95403
1.51533
1.11804
1.9828
0.818271
2.38427
0.0427776
5.09097
0.271831
0.743347
0.840312
0.455441
2.48423
1.58276
0.0578908
0.24683
0.286156
1.50243
0.504006
1.32324
0.0668593
1.04308
0.509531
0.42354
0.0549028
0.205973
1.05606
0.584806
0.0302523
4.63762
0.629867
1.70331
0.338752
0.432315
0.258723
0.635483
0.432212
0.737758
0.0218211
0.348134
0.58724
0.219034
1.76498
0.055228
1.31979
1.69681
0.208293
2.00126
1.78341
2.61145
0.63217
0.92
1.84001
1.24597
1.16138
0.826063
2.1243
0.854099
0.209054
1.74794
0.933435
1.60873
0.454238
0.59646
0.0815397
0.179237
1.57042
0.708533
0.13108
2.71778
1.46867
0.0474738
0.442097
0.49489
4.06637
2.97408
0.589512
0.0506362
0.327011
1.85266
1.7276
2.40034
0.459702
0.0520943
0.215536
0.326602
1.799
3.45971
0.216995
2.4281
0.990719
0.996247
1.48721
1.82591
0.388468
0.653331
0.0784937
0.857762
0.653984
0.296523
0.354717
0.777391
0.502631
4.77663
0.74167
0.78423
0.175617
0.329836
0.473942
0.631544
3.0581
0.28118
0.251251
1.11309
0.918537
0.300158
1.16906
0.958561
0.684576
0.798484
2.07356
1.16109
0.643455
2.13028
0.266814
0.111035
0.291718
0.311931
0.0666643
0.987715
1.96168
0.889876
0.168058
0.630672
0.364487
1.41757
1.54522
0.199374
0.422822
0.699203
1.94098
1.07164
0.0466449
3.36398
1.03936
0.319231
0.546631
0.0229805
2.35101
0.359188
0.610153
0.384045
1.54184
0.544732
2.43286
0.126271
2.3004
1.17137
3.43062
0.557028
3.45387
1.63532
1.31565
0.890607
1.28909
1.56063
2.8044
0.346728
0.914929
0.108064
0.21238
1.31748
0.127682
2.39241
0.18291
0.383525
0.761756
0.879058
1.26588
3.7975
0.695229
1.08921
0.742686
0.999163
0.306396
3.07142
1.44803
0.791068
1.94258
0.233494
0.40932
1.10161
0.519009
0.978034
0.529768
0.176748
0.225684
0.798337
0.326236
0.370551
1.13529
0.475025
1.76204
1.03252
0.513765
0.130209
4.67808
0.214452
0.0594533
0.739557
1.43202
2.33636
0.95137
0.281482
0.24115
1.97305
0.521338
0.654544
2.69706
0.999555
2.55577
2.58023
0.237538
0.629011
0.812291
1.59497
1.37705
0.782958
1.6168
1.58835
0.380027
3.48537
1.17066
1.31303
0.555463
1.98922
0.253625
0.248296
0.82457
1.03538
1.96311
0.933642
1.02907
0.176468
1.73057
2.01079
4.13601
0.237073
1.97861
0.726797
0.502193
1.0672
1.4115
1.6831
2.89838
0.646211
0.425032
2.81114
0.350497
0.228694
1.70042
1.09919
2.59216
0.282733
0.470137
1.84982
1.06936
0.636409
0.243281
0.390131
0.241622
0.507187
0.958444
0.81945
0.593564
0.53271
0.907967
0.24278
1.75644
0.236958
0.417649
0.0229394
1.85558
1.81479
0.485782
0.346616
1.74533
0.521021
1.14038
0.307644
1.95814
0.560388
0.674566
0.28263
1.35504
1.91094
0.0762198
0.354768
0.703558
0.80911
0.0316283
0.489264
0.571392
1.16395
0.308507
0.481229
0.241237
0.449695
1.23433
0.0909719
1.20611
0.108827
1.78065
1.04636
1.23894
0.489474
0.850348
0.00598342
0.0548768
1.74931
0.0620576
0.502178
0.319625
1.2958
1.7822
0.520085
2.47157
1.02479
0.0764172
0.230695
0.72754
0.0930767
0.915066
0.126649
1.7387
0.600448
0.475569
0.580519
0.00418651
0.774661
3.36557
1.07431
0.728141
0.415074
1.26987
0.267017
1.11046
0.343387
0.562987
0.62121
0.277593
0.302819
0.277189
0.0874464
1.36577
0.0895483
1.58344
0.608301
1.14718
0.159141
0.921382
0.88382
0.797566
0.556047
0.11513
2.42254
2.57422
1.08988
0.0767328
0.135794
0.365293
0.0192601
0.993934
0.636767
0.693369
0.111052
0.831452
0.642849
0.527588
0.591647
0.582023
1.17523
1.21158
2.51916
0.209678
0.23402
0.99653
0.168094
0.0690029
1.92413
1.8179
0.282456
0.188398
0.892757
1.07703
2.91698
1.34448
0.851527
0.613327
0.378422
0.252591
0.217574
0.70842
0.546436
5.19602
1.02442
1.28268
1.09581
1.12111
0.890307
0.685739
0.190186
1.21786
0.717498
1.63217
3.75472
1.4103
3.26099
2.26587
2.67598
1.13245
0.370218
0.450654
0.442121
0.437012
0.519155
0.0796619
1.9181
0.0970051
0.913983
0.258034
1.34265
0.707609
0.0345211
1.7831
0.00249868
0.322646
0.267743
0.142048
3.89816
0.368589
0.86791
0.328664
0.986981
0.095282
0.901316
0.028438
0.174836
0.807794
0.293046
0.142892
1.18928
0.796895
0.144698
0.715047
0.398475
1.58703
0.287632
1.15802
1.44194
0.205098
0.0215358
1.45141
1.52459
0.997823
0.110497
0.0885386
0.227606
1.12823
0.574068
0.822537
2.9888
0.259381
0.646451
1.68059
0.135007
0.972122
1.91413
0.811729
0.531153
0.268295
0.775166
0.365911
0.557325
0.223828
1.09413
4.33597
0.102411
1.41238
0.917478
0.0757881
0.044342
0.466292
0.531954
0.525037
1.95939
0.145747
0.797878
0.352807
0.904268
1.17242
0.546255
0.542988
0.0834422
0.432911
0.873272
2.92118
0.43923
0.287503
1.40752
0.405261
0.664079
0.583434
1.73311
0.560017
0.21315
0.117378
1.0885
0.616706
1.21492
0.0344491
0.136174
0.135004
0.871214
0.00511681
0.110983
1.78681
0.0526852
0.0267107
3.08642
0.275182
0.950395
1.9857
0.139169
1.18151
0.0817157
0.26831
0.207036
0.292384
0.768571
0.542807
1.93317
0.0177975
0.171564
0.894397
0.301929
1.92627
0.0568892
3.32904
0.400223
0.72857
1.53105
1.09289
0.314897
1.33646
0.489209
0.432615
0.924176
1.072
0.0447226
1.1653
0.251362
1.0732
2.52261
6.46661
0.66686
0.496556
1.49713
1.05086
1.34721
0.631424
1.27227
1.12723
0.198513
0.351971
0.179294
1.74879
0.531142
0.319338
0.299466
0.0877918
0.264673
0.00755311
1.23842
3.51971
2.13321
0.214014
3.25647
0.0169184
1.94708
0.692754
2.79969
0.340237
1.64069
2.31569
0.378838
0.388582
0.774727
1.50067
0.0863386
0.522375
0.407166
0.924281
0.0985128
0.714554
0.477745
2.82236
0.151332
0.174793
3.28711
1.2101
0.256651
0.112245
2.9953
1.06926
0.997235
1.50705
0.464092
0.282031
0.0460965
0.282819
1.06284
0.141368
0.470364
0.968867
0.803628
0.664557
0.944663
1.06992
0.539094
2.08729
1.06271
2.43023
1.75279
0.348308
0.530654
1.32472
0.166309
2.21824
0.250609
1.90784
0.579958
0.372698
0.663099
1.78237
0.318663
0.575241
1.00841
1.18068
0.148042
0.167393
3.06163
1.39711
0.577778
3.10445
3.67334
0.522478
1.04912
0.926066
0.0451523
2.14636
0.0803836
3.23614
1.4362
0.676876
0.496086
0.657198
0.802466
1.1406
1.53807
0.854794
0.465535
0.771901
0.430609
0.45486
0.468326
0.174966
0.182502
1.14448
2.06881
1.05959
3.2539
