Funcion_Radial
1.56573
2.04634
0.498362
0.469773
2.44504
0.443315
0.938287
1.2246
0.304257
1.34956
2.26233
1.06901
0.98162
0.536225
0.443449
1.44752
1.27565
0.95027
1.21065
0.618091
1.77214
1.31281
0.892684
3.32474
2.38036
1.28627
0.465998
1.06415
1.12393
0.306412
1.78519
1.28108
1.21191
2.06909
2.06187
1.48984
1.60087
1.4361
2.53995
1.21737
1.5604
0.224448
0.536442
0.794576
1.92572
0.754783
0.685596
1.19481
0.27351
2.51648
0.772387
2.80656
1.83985
1.54348
0.510452
1.75605
1.06822
1.62557
2.21833
1.00253
1.36703
0.57856
0.42786
0.89293
1.05284
0.449005
0.726116
1.08659
0.874704
1.75052
1.34325
0.369176
1.84248
0.771447
0.808479
0.969805
1.58648
1.3961
1.33405
1.49924
1.44616
2.29835
2.42351
1.19659
3.0519
0.416592
0.342639
0.611586
0.865903
1.07347
1.79471
0.395001
1.06697
0.839594
1.11937
1.46918
0.771336
1.38107
1.57856
2.61804
1.33517
0.550399
1.30028
0.223079
0.377256
0.759504
1.84129
1.40478
0.644391
1.256
1.17359
1.0755
2.68638
0.912829
1.32151
0.569355
0.83189
0.93943
2.28327
1.87448
1.07765
3.03609
1.58758
0.834534
1.20818
1.24678
1.35078
1.69862
0.452261
1.15291
0.636644
1.7186
1.33477
1.45498
1.80172
1.6666
1.67372
0.610957
0.494488
0.895411
0.824864
1.67396
1.65952
1.01786
0.350757
1.52295
2.80767
1.20798
0.965372
0.928256
0.467114
0.860955
1.64562
0.741967
1.30672
1.43089
2.38798
1.66062
1.40834
1.7553
2.09404
0.453188
1.83585
1.93361
1.49085
1.08333
2.41566
2.12606
1.91311
0.965278
1.25996
0.388435
2.10793
0.909738
0.382386
0.403751
1.66473
1.67865
0.948249
1.75603
1.03889
2.81986
0.0366659
1.79002
1.79211
1.75038
2.6559
1.87469
0.615827
1.42247
1.75344
0.130182
0.786864
0.276981
0.694304
0.643574
0.855416
0.312195
1.3423
1.98189
1.79318
1.2495
0.136361
0.868259
1.19543
1.35617
0.764378
2.17264
0.987701
0.331603
2.52679
1.66939
1.5394
0.670881
0.736489
1.08641
0.517529
2.26629
0.602132
1.41356
1.10802
0.191992
1.1194
1.84211
2.24557
1.51354
1.00972
1.13211
0.994163
1.39307
1.10316
1.99897
1.59352
0.185426
1.0755
1.77442
1.86945
0.786205
0.545175
0.274365
1.17317
0.203706
0.493472
1.06742
1.69915
1.78945
2.65012
1.35256
0.756412
1.55295
1.50709
2.46241
1.22162
0.742022
1.57864
1.61888
1.63115
0.691017
2.4805
0.388042
0.374081
1.20857
2.02924
0.941986
1.79949
1.97815
2.01267
1.14154
1.0361
1.53138
2.15153
1.71446
0.620156
1.84366
0.614791
1.08406
0.87049
1.82953
0.977298
0.757587
1.35239
1.07553
2.73193
2.3372
3.09518
0.49262
1.29506
1.50889
0.864568
1.66526
1.67344
3.3507
0.955054
1.60498
2.15263
2.25481
0.919922
0.60523
1.35671
0.225173
2.1584
1.25675
1.02554
0.18354
2.48981
0.525845
0.930441
0.414224
2.2609
0.322466
0.511461
2.3566
2.63386
0.397676
1.49466
1.63655
0.802439
1.24969
1.0751
3.5385
0.914956
0.69791
1.29082
0.730407
0.838853
1.57575
1.28537
1.70794
0.747269
0.650112
0.781112
1.80319
2.03413
0.665631
2.27752
1.69871
1.03447
0.962766
1.52172
2.21436
0.709087
1.75086
0.749435
0.657499
0.956079
0.937553
0.0947935
2.21779
1.79685
0.561736
0.630246
1.13281
0.298061
1.65955
0.482226
1.50288
2.19944
0.784198
1.90117
0.559301
1.75747
0.539473
2.95342
0.620923
0.592634
1.05384
1.57214
1.07203
2.28438
0.0176768
2.82259
1.63557
1.15441
1.4869
0.493867
0.878514
0.382798
0.450419
0.460397
2.15384
2.04515
1.53576
2.4745
1.65716
1.60658
2.0829
1.41746
1.05921
2.09446
1.98398
1.12931
1.482
1.71646
2.83689
0.578311
0.926571
1.35265
0.71513
1.43131
3.02606
0.561474
0.834722
0.687315
0.981444
2.33168
2.01121
0.3774
0.158228
3.29171
1.64232
1.70751
0.753907
0.825168
1.37479
0.807479
1.09542
0.87575
1.67984
1.67522
1.35089
1.41772
2.31734
0.96848
0.8892
0.519619
1.56066
1.08358
0.12175
2.00172
2.09617
0.997216
1.24251
2.13905
1.15336
0.40275
1.67721
0.702975
2.25237
0.987843
1.32895
0.78122
0.134093
2.2065
1.95514
1.63941
1.68565
1.1224
0.422241
1.01635
1.14042
2.69712
2.15949
2.00485
1.72645
0.69319
2.02137
2.56473
1.12491
0.815769
0.583378
0.54118
1.20847
1.34767
0.56781
2.14293
0.357462
1.56937
2.19915
1.54759
1.19915
1.42411
1.52548
2.62763
1.33998
1.26981
0.491896
1.33618
1.25544
1.12952
1.38398
1.04269
1.02704
0.70655
1.17083
1.43921
1.4151
1.39249
1.05528
1.83183
0.496141
0.720689
1.81506
2.05104
0.917055
0.300013
1.99675
0.595029
1.52943
2.19157
2.67921
0.633558
1.48963
1.25167
1.25212
2.38734
1.37269
0.990428
2.38996
1.33605
1.19862
2.01035
1.47742
1.42348
1.89065
0.470302
1.26197
2.12055
3.00641
0.906121
1.45566
1.47743
1.02105
2.3742
1.74844
0.802127
0.618333
0.293103
1.43909
0.437244
0.855741
1.30355
2.165
1.29236
0.467428
2.94446
1.57408
1.00925
1.36996
1.69739
0.509732
0.126028
1.66754
0.499661
1.77757
0.94251
1.46304
0.7063
1.26164
2.69696
2.62891
0.304687
1.21211
0.507615
0.792361
0.783127
1.39962
0.293142
1.04987
0.952762
1.73158
0.822628
1.11394
1.23847
0.199118
1.77673
1.25745
1.47434
0.584644
0.654813
1.13402
3.26067
2.80752
1.55549
2.19035
1.15358
0.347745
1.92002
1.81915
0.932262
0.885708
0.718839
0.891679
1.07693
0.77845
0.67537
0.652067
1.85582
1.67475
2.19906
0.338385
1.22012
1.34515
0.72421
0.882144
1.63158
0.769817
1.06368
2.05959
1.02546
1.44644
1.25754
0.215633
1.71327
0.152005
1.42649
2.20136
0.292953
2.06552
2.72831
1.26473
0.343778
0.955279
1.28414
0.65803
0.788694
0.522204
1.92086
0.741236
1.76159
1.97137
1.61739
2.71179
1.05976
0.969622
1.58395
1.82198
0.311597
1.14974
1.80927
0.947517
1.66531
1.138
0.953688
1.18543
1.36257
0.235331
0.363242
2.1385
1.55332
1.23217
2.23679
0.792967
1.89943
1.22755
0.772292
1.20015
0.976208
0.343915
0.551707
3.33775
1.04455
0.857882
1.48459
0.621474
1.33077
0.177443
0.522126
1.13178
0.831535
2.26998
2.07074
1.87046
1.09377
1.63964
0.570265
3.11303
1.90961
1.27501
0.995306
0.899807
0.668603
1.03875
2.4428
2.34456
1.36214
1.02557
0.283512
0.44689
1.06271
1.293
1.46756
1.14241
0.668732
1.3444
1.0586
0.966927
0.5672
0.349242
1.07204
3.10486
1.98559
2.36714
1.66608
1.30318
1.43633
1.4196
0.41081
0.736715
2.32034
1.61296
1.38522
1.41193
1.03377
1.27594
0.848389
1.30629
0.650138
0.88405
2.50717
1.45988
1.54851
2.29735
0.713779
0.786632
0.5953
1.20164
1.0301
1.33939
1.30841
1.77437
0.249749
1.50541
1.68865
1.86776
1.24445
1.77636
0.437076
3.40612
0.781082
2.29629
2.20274
1.34213
0.413371
1.33205
0.89778
1.62821
0.740894
0.813967
0.725076
1.43906
0.855786
3.40982
1.25146
1.47206
0.678783
0.369864
1.31342
0.630074
1.80536
2.21792
1.20088
1.82128
1.71187
2.69461
0.345229
1.62548
1.18448
1.54479
2.81683
0.413606
1.45467
0.860994
0.813776
1.67633
3.60992
0.739734
1.57507
1.03431
1.57601
0.406053
1.08525
1.119
0.743308
2.71582
0.728691
1.82457
0.752142
0.45349
0.984891
0.667722
0.619234
1.12911
1.8522
2.10565
0.852018
0.660256
1.46354
1.33465
1.50446
0.306887
1.0663
2.58624
1.42205
1.26766
1.94735
1.28131
0.782916
0.275977
1.45829
1.01778
1.18886
1.27169
0.196098
0.753789
0.997455
1.77915
0.499281
0.435741
0.714458
1.4517
1.54959
1.05905
0.726133
1.81447
1.17849
2.08267
1.32917
1.83151
0.249226
1.39722
0.902834
1.29571
0.0843733
1.07735
1.47326
1.82758
1.2581
0.681845
2.01686
1.69399
2.63569
0.585557
1.32616
1.29039
0.430068
1.90486
1.13019
1.24962
2.14896
2.07924
2.42332
1.39953
2.24302
0.617645
1.17371
1.38657
1.48823
1.83261
1.61395
1.52612
2.09672
0.924184
0.408704
0.708292
1.79211
1.52065
1.20913
0.243744
0.772848
0.268311
1.80031
4.00754
2.22161
1.11802
1.3634
1.28987
1.49779
1.58014
0.898139
1.73129
3.62018
0.797848
1.49143
0.911161
0.314487
1.64801
0.865533
0.32091
0.609607
2.49965
1.35889
1.39838
0.329082
1.8958
1.43139
0.577356
1.66377
0.279539
2.27317
1.22484
0.469056
2.39157
0.752871
1.39443
1.32966
1.4345
2.39631
0.526097
1.74015
1.07746
0.44961
2.78082
1.97746
1.19343
1.35475
2.11132
0.426103
1.60753
1.61748
0.791268
0.69013
1.26631
1.62813
0.571292
0.524448
1.18116
1.08954
1.02329
2.65213
0.876097
1.78885
0.956312
3.0465
2.13092
1.45558
0.323264
0.592982
0.478779
0.0504447
0.682747
0.97686
1.66981
1.61058
0.695148
2.74042
0.41979
0.810316
0.674135
1.14509
0.85146
1.88964
1.01495
1.06231
1.75637
0.779602
1.17338
1.89812
1.02725
0.552839
1.3768
0.736618
1.01382
0.84828
0.450482
2.37116
1.60049
0.403619
1.27089
2.08579
1.06914
1.97103
0.89903
1.28095
1.58635
2.02558
2.6927
1.0896
0.606984
3.37181
2.57002
1.02502
1.89089
0.820752
1.20198
0.892015
2.81185
0.357642
1.62571
0.277867
0.57034
1.71945
0.966778
2.18514
1.33803
0.890603
0.85398
1.7844
3.23288
1.8131
0.688052
0.315408
0.928321
2.07988
0.47374
0.638891
1.16963
1.16516
1.79215
0.355466
1.24681
1.94091
2.97151
0.0640046
1.63328
1.11219
1.26649
1.17267
2.47469
1.26011
1.73847
2.52858
1.51106
0.902948
2.00477
1.6479
1.46898
1.05248
0.826008
0.695135
1.38474
2.41701
0.729946
1.47534
1.71354
2.40712
0.487376
0.959534
1.28991
1.87226
0.871856
1.00083
1.98152
1.10117
1.07767
2.39572
0.127528
0.380706
1.24755
2.13179
1.51432
0.95749
1.22739
2.25752
2.61874
0.504654
1.16246
1.59431
1.00277
0.694274
2.06121
1.28169
2.49945
1.12329
1.40422
0.854475
0.611355
0.198933
0.828983
1.51593
0.418495
0.364151
3.01177
1.09099
1.37229
1.16771
0.959756
0.604639
0.734224
1.90496
1.87314
0.312368
2.32304
1.47798
1.41799
1.01337
1.55059
0.4296
0.64315
0.963419
1.77107
2.19505
0.166741
1.21441
1.4077
0.891359
1.83298
2.4123
0.670456
3.40895
1.03838
2.63925
2.78464
1.7301
2.41299
2.01511
1.37845
0.799355
1.94641
2.32594
1.67035
0.546124
1.64596
0.651571
0.515843
0.760453
1.37683
0.462687
0.779015
1.1314
0.179714
0.0413392
1.49847
0.961657
0.698697
1.95514
1.19106
1.44718
0.483906
0.68602
1.77989
0.898712
0.645433
1.38361
1.1548
1.49549
1.30808
0.835077
0.44898
0.655873
0.879094
1.16125
0.425009
0.905919
1.81074
0.984737
2.1879
1.25146
1.10503
1.31184
1.38855
1.67884
1.63747
1.66417
0.506205
1.62973
1.35823
1.39968
1.83009
0.573958
1.39865
2.02725
0.728012
0.667871
1.16137
1.75713
0.28299
0.677678
0.473462
0.619451
2.21202
0.300253
0.595669
2.38961
0.246955
0.72076
1.96251
3.00714
2.16197
0.706602
1.78674
1.4428
0.948504
1.30508
1.80571
0.959936
1.84192
0.380227
0.766666
1.49889
0.659372
1.40406
0.472592
0.59272
0.784658
1.74129
1.5856
1.32836
1.13578
1.47037
2.0111
2.17992
3.31359
1.76871
0.665991
1.41803
2.64805
2.49737
1.19949
2.11325
0.724314
1.35835
1.60245
1.2854
1.35124
1.2628
1.56586
2.37948
0.510383
0.744861
0.092563
0.623933
1.28304
1.0217
1.31054
0.721514
1.09626
1.83523
0.913109
1.46109
1.27039
0.445505
0.687817
0.980891
0.33034
0.226841
1.52632
0.254712
1.69824
0.689265
1.06501
2.13199
0.903978
1.11134
1.62075
1.41169
2.02644
2.16583
1.50617
0.45312
0.0736779
0.900578
1.00908
1.15416
0.890639
2.48299
0.760041
1.62165
0.456302
1.80454
1.46044
1.18768
0.875175
0.392853
2.63953
1.16437
0.198442
1.40222
0.711545
1.91522
1.38514
0.995686
1.35394
0.378953
0.63283
1.8816
1.60104
2.31236
0.61778
0.296497
0.237817
1.18702
1.04243
1.37717
2.46667
1.43725
1.01557
1.70522
2.43932
0.475876
2.4583
0.698567
2.56551
0.793669
1.64225
1.29171
0.982386
1.58181
0.554865
0.858336
0.637191
0.430897
0.664048
1.42504
1.3332
2.09044
1.34787
0.618182
1.11525
0.460714
2.31399
0.405323
0.661234
1.3412
0.715427
1.01171
3.44758
0.605197
1.74473
0.762087
2.50582
0.456929
0.927277
1.11161
1.98312
1.52748
1.59369
0.716088
1.24021
0.74436
1.50125
1.85877
2.17366
1.51709
2.26656
0.432809
1.11866
0.931782
2.29612
2.28792
1.24352
1.54241
0.413881
0.448322
0.696489
2.71799
0.369653
0.121298
1.01313
1.38338
0.734058
1.74513
1.61126
0.243683
2.433
2.20268
0.521684
2.39424
1.81525
2.30254
1.48092
2.01451
0.307559
2.11685
0.984417
0.377973
2.71523
1.5491
0.831225
1.12688
0.279819
1.17954
0.977206
0.276046
1.81993
1.27067
0.661989
1.85692
1.30054
0.423916
1.97761
1.09398
2.12015
1.18123
0.738947
0.314113
1.53364
0.910584
1.24373
0.874162
1.23944
0.563374
1.62926
2.11564
2.05642
1.60154
0.640481
0.386901
0.726237
1.3128
1.40074
1.85259
1.46332
0.800318
1.86393
1.15659
1.99347
0.854822
0.761463
0.839886
0.790066
0.269014
2.12721
0.74317
1.81581
2.26785
0.860351
0.579631
1.93274
1.23843
0.131209
0.300792
0.571048
1.00672
1.17318
0.456172
2.41459
2.62275
0.476764
1.26573
2.02065
1.91319
1.53345
1.39197
1.18418
0.903314
1.90537
0.88407
1.23145
0.435355
1.27392
0.150563
1.58707
1.03126
1.89419
1.47005
0.478364
0.405947
1.86366
0.749063
0.797196
1.89521
2.13009
0.197342
2.17018
1.39142
1.62263
0.845486
1.16283
0.857718
1.55302
1.11492
0.5026
1.5139
1.41807
0.746265
1.17779
1.73774
2.01311
1.52735
1.41239
0.566066
0.991979
2.32455
1.82565
1.28451
2.55778
1.52499
2.03103
1.45395
2.85834
1.42409
1.22945
1.3993
0.467619
0.655033
1.06641
0.667619
1.05078
0.397839
1.28688
2.18671
2.10894
0.518871
1.1273
1.3134
1.08778
0.431382
2.27873
0.539422
1.80014
0.191515
1.08428
0.463057
1.19657
1.52075
0.606199
2.25256
1.77003
1.97993
0.869712
1.8001
1.80699
0.776206
1.94008
2.44214
0.713515
1.4568
2.73914
0.698604
1.64448
2.00392
1.60395
1.1827
1.00722
1.81559
0.740754
0.230113
0.929987
1.82107
1.61016
1.6386
2.2928
2.10349
0.947526
0.797255
2.05685
0.623688
1.39859
0.904042
1.72574
1.93346
1.3536
1.07034
0.827972
1.194
1.36856
2.10759
0.409416
0.37373
2.06136
1.17899
0.816879
0.892596
1.25195
1.71547
1.91975
0.794624
0.970082
0.553423
0.77721
1.63361
0.537058
1.11157
1.45001
0.983959
1.39266
0.889609
0.145525
1.32772
1.94195
2.24286
1.85743
1.19766
1.8911
0.46344
0.916789
0.915784
1.29012
0.310182
1.82335
0.669142
0.872028
0.696997
0.786865
0.848602
1.56258
0.702904
0.800225
1.25685
2.78276
1.51677
1.78057
1.0017
0.761485
1.81991
2.31565
0.308441
2.0209
1.59286
1.52709
0.954595
1.64052
0.906505
0.576354
2.14933
1.51724
1.9623
1.12818
0.423092
1.43371
1.46486
1.69125
1.25516
1.24659
0.821508
0.765141
2.02592
0.411639
0.772563
1.59402
1.5999
0.200779
0.649724
3.87757
1.57691
0.849643
0.506747
0.591261
0.757882
2.43638
0.770275
1.00218
1.6383
2.412
0.411552
0.721651
1.37434
0.947821
1.80948
0.445456
1.77542
1.0605
1.39667
0.769082
0.395638
1.87834
1.68236
2.21279
0.472183
1.63862
0.292533
1.01447
1.93808
1.04697
0.703925
1.77754
1.43722
1.03221
1.67266
0.460266
1.59985
1.35906
0.80364
1.67739
1.35824
1.11577
0.914299
0.582739
0.530166
1.97803
1.77026
1.19346
0.948768
1.22789
2.28111
0.575148
2.39362
2.36333
1.28751
0.858076
0.777476
0.452633
1.80386
0.736242
1.31713
2.19523
1.61211
0.902559
1.66822
2.15063
1.06475
1.57589
0.892435
0.715614
0.511996
0.851742
0.306667
0.709676
2.11718
0.942194
0.474653
1.51876
0.57841
2.05284
0.189775
2.04345
1.24624
1.04152
0.657554
1.00911
0.33612
0.314641
1.70283
0.240241
2.049
0.847323
0.597175
3.03095
1.72646
1.88783
1.35774
0.6865
1.89478
1.01253
1.12361
1.1021
1.70987
1.27994
1.1515
1.53771
1.27258
0.579736
0.721802
1.98816
0.54543
1.31712
1.38798
2.59879
1.27901
1.24628
1.98629
1.60576
0.922445
1.5661
0.535766
1.27363
1.12704
0.233869
0.208964
1.89063
1.50015
1.22618
0.384251
1.1645
0.781621
0.486843
0.700787
1.30707
0.88843
1.877
2.29546
0.309358
1.83034
2.50408
2.54069
0.718367
1.3067
1.9218
2.74399
1.75677
1.15483
2.46663
1.39087
1.18804
1.4905
1.64129
1.81966
2.48998
1.04677
1.39381
0.436517
0.433718
2.27821
0.589928
0.702196
2.10171
0.965941
2.18252
0.686806
2.30212
1.44954
1.07675
0.799915
0.710451
1.17161
1.30886
2.01031
1.4184
0.863365
0.719005
1.59727
0.400771
1.30275
0.907737
1.0495
1.09961
0.345941
4.55144
2.38983
0.88765
1.27076
1.60375
0.839161
1.56985
0.772016
0.646678
1.96507
1.38948
0.433074
0.917478
1.04882
1.40357
0.924282
0.484821
0.226862
0.486504
1.3343
1.87273
1.71184
0.650732
1.01591
1.65236
2.56602
1.41418
0.767513
1.73072
1.59117
0.885307
1.57037
0.300224
2.17848
2.32418
1.4344
0.755252
0.871942
0.531871
1.17974
0.612904
1.53929
1.31173
0.930488
1.4115
1.34502
1.00525
2.23526
1.60033
0.508574
0.511619
1.16411
1.00966
0.47102
0.433747
2.29295
0.995898
3.18693
0.397226
1.75769
2.60767
1.33665
0.911515
1.94826
2.77219
1.80369
0.582617
1.31492
1.08068
1.18132
1.50216
1.54793
0.800205
1.69137
0.670819
0.899336
1.3263
0.496938
0.47669
0.254186
0.656984
1.58488
0.785603
1.33224
0.504358
0.495032
0.623869
1.07928
0.696337
1.18595
0.474235
1.004
2.06049
1.11974
0.257869
0.57773
1.16845
1.05551
3.03318
0.682519
2.51808
1.77501
2.4965
0.591929
0.997794
1.69432
1.04722
0.529911
0.762796
1.12398
1.321
1.18186
0.784891
2.06222
1.41239
1.86024
1.84763
0.812966
0.450449
0.501858
0.309806
1.64198
2.34559
0.533699
0.96961
0.678544
0.732785
0.565991
1.03357
1.0106
0.6491
1.35164
0.436948
1.90162
1.96036
2.85778
0.828849
1.31139
1.11644
0.6057
2.1161
1.01243
1.66014
2.07643
1.67285
1.78415
2.67631
0.310804
1.657
1.35324
0.415135
1.14069
1.98975
1.01139
0.238483
0.464652
0.161883
0.903338
1.75982
0.356419
1.82075
0.542897
1.27057
3.21431
1.1476
0.168092
1.05266
0.659665
1.28717
2.29931
1.0148
1.37364
1.65527
2.86181
2.18458
0.327206
0.512411
1.16425
0.476986
0.479871
0.39334
0.522084
0.171143
0.669009
1.58886
0.783132
2.3867
0.685317
1.63535
0.859762
1.0724
0.737145
1.83354
0.855997
1.82031
2.32191
0.292852
2.95266
0.629652
1.7669
1.186
1.30598
1.88175
1.77608
0.502218
1.50751
0.961906
0.968623
1.69184
2.76818
0.596721
1.65942
0.342389
0.984251
0.654501
0.982368
0.521065
1.22387
1.57305
2.54421
0.853196
0.940564
1.78231
2.05497
1.18702
1.15749
0.248232
0.916809
1.22718
1.14132
1.27582
0.524587
0.504852
1.19004
1.3896
0.694926
0.631186
1.88065
2.52059
2.75363
1.45385
1.30835
1.21671
1.59117
1.0051
1.2423
0.791884
1.15498
0.22616
0.637528
0.622386
1.77555
2.91463
0.795118
1.22837
1.47243
1.0018
3.00437
1.63045
2.72511
1.99227
0.644564
1.6946
1.05716
0.574828
0.900287
0.906406
0.407112
1.1469
1.01595
0.913404
1.57439
1.71768
1.55706
1.5451
1.7032
1.34188
0.245113
2.28723
1.63623
2.89218
2.02198
1.60144
0.902103
1.43103
0.949435
1.90165
1.64763
1.4939
0.784246
1.65219
0.235113
1.38186
2.12363
1.00695
1.8542
0.484501
0.698238
0.605388
0.83451
1.18517
1.83309
1.07492
0.118567
0.662756
0.278761
0.445309
1.61665
1.11384
1.49098
1.98898
1.70221
0.314328
2.06031
1.28465
1.5766
2.15781
0.383575
0.518752
1.77459
0.175757
0.927616
1.32119
0.734964
0.881446
0.952573
2.16961
1.37582
0.726379
0.44278
2.61393
3.54494
1.12544
1.16296
0.642857
0.728382
1.85776
0.815127
1.00661
1.27804
0.799626
2.00772
0.930138
0.649989
1.37911
1.08348
0.720549
2.71662
2.84444
1.71899
1.06487
2.04691
0.204377
2.02825
0.617777
0.262221
0.124138
0.866061
1.36831
0.856698
0.461227
2.42573
1.8559
1.47693
0.325048
0.28676
1.08117
0.842011
0.694591
0.648824
1.95312
1.20828
1.29423
0.669089
1.02255
0.496762
1.0147
2.379
1.02141
0.968994
0.723712
0.2518
1.1765
1.27919
1.3809
0.708575
0.456635
1.0958
1.3353
0.771033
0.883615
1.49193
2.50488
2.26399
1.80261
2.37714
2.26459
1.6199
1.63584
1.21215
1.36976
0.484113
0.914125
0.554591
0.810372
0.739856
1.64343
1.58626
1.09562
0.760905
1.53824
0.992263
1.40085
0.974026
1.65695
1.15767
1.02045
0.441045
2.26164
2.52704
1.03393
1.26971
1.32571
0.362849
1.14685
0.338172
2.95254
1.6184
1.0044
1.71016
2.73066
0.855479
0.948234
0.938475
4.07618
0.798778
2.54521
1.6
0.818216
0.573801
2.01559
1.02279
0.969692
1.16557
1.39486
1.9709
1.10162
0.706153
1.63401
1.47927
1.02848
0.742462
0.740784
0.932814
0.285899
1.50737
1.44127
0.804781
1.40794
0.689619
0.612297
0.810071
2.43093
2.21257
1.80876
1.16048
0.611472
1.25937
1.28039
1.33596
0.914808
1.01159
0.912132
1.254
1.6346
0.688158
1.05935
1.54153
0.871654
0.766156
1.74185
3.28034
0.613781
1.80498
0.625128
0.565442
1.09877
1.47032
0.410338
2.36581
3.05336
2.45762
2.20121
1.29965
1.42162
1.02499
1.69877
1.68924
1.57477
2.2833
1.56248
1.41158
1.43872
1.03919
1.64112
1.9905
0.154607
1.24948
0.952016
1.286
1.80926
0.942349
1.39788
0.628718
1.79594
1.46806
1.12915
1.62729
1.9138
0.127376
0.93081
0.97812
0.84004
1.1418
2.12794
1.79105
0.860727
1.98284
1.43608
2.62701
1.75057
0.97458
1.20151
1.30818
2.0799
0.927529
0.311959
0.998678
0.452502
0.642944
2.32959
2.46628
0.43934
0.455256
1.86786
1.22697
0.800919
0.32531
1.74548
0.290647
0.346981
0.689508
2.53763
1.74424
1.12605
0.340801
0.519873
0.498017
0.741784
2.25709
1.87175
1.87033
1.19918
1.37123
0.217021
0.366593
0.536283
0.574952
1.38284
1.02668
1.28474
1.46302
1.19973
1.41521
1.1306
2.64963
0.247325
0.793898
2.39124
0.863169
0.0452356
2.15662
0.739684
1.2837
2.66807
0.662822
0.886789
2.72879
0.549539
1.08212
0.825122
1.77939
1.63429
1.16035
1.40075
1.35053
0.619911
0.591013
0.488659
1.83104
0.861933
1.9592
1.54745
1.68645
1.24457
1.00903
2.34712
0.699028
1.35847
0.938631
1.24533
1.89438
1.65936
2.5959
0.770343
1.42022
1.33528
1.389
1.99104
1.65706
1.18346
1.68097
1.70924
2.40337
0.583567
0.778087
0.484757
0.973672
0.909801
0.800742
0.682996
0.929298
0.61873
2.09122
1.85735
0.683002
1.56892
0.140411
1.59971
1.66908
1.33648
2.03712
0.603966
1.02329
1.1571
2.39835
0.6796
0.497429
0.689496
2.21556
1.9836
0.935634
2.38075
1.5827
1.4182
1.94237
1.2797
0.457029
2.21267
0.966414
1.64793
1.46953
0.940564
1.75988
1.52241
0.900287
1.22445
2.03071
0.564894
0.98432
0.658194
1.68775
0.830206
0.882123
1.37042
0.605261
0.879487
0.310048
1.7234
0.95166
0.610823
0.487433
0.84354
0.831575
1.86746
0.287967
1.80426
0.698971
2.19496
1.56636
0.600696
1.26727
2.47363
0.880004
3.24103
0.964712
1.06738
0.483653
0.926594
1.77956
0.90442
0.773045
0.600065
1.96128
1.0042
1.31844
0.270279
0.579044
0.563532
0.907086
1.68411
1.01158
1.49883
1.64485
1.41336
0.433368
1.81284
0.674827
1.34649
2.27171
0.551948
2.73178
1.36361
1.58487
1.17078
2.18298
1.4326
1.79586
1.02831
0.938108
1.09593
1.49624
1.04093
0.527177
1.4642
0.491347
2.15202
1.40611
0.42408
1.55665
0.663236
1.86286
0.739317
1.78971
0.893742
1.96538
2.07734
1.64688
0.204826
0.919276
1.77158
1.39325
0.518799
0.994386
1.90738
1.98437
0.92826
1.55932
0.701646
1.42655
1.32571
2.64146
1.0908
2.55296
1.28067
1.02486
1.34318
0.572685
2.32101
0.506284
1.67851
0.851851
1.57743
0.945828
1.8934
0.57185
1.63217
0.887972
1.76591
1.76288
1.24539
0.498442
0.754995
1.97587
1.0289
1.65661
1.70536
0.670337
0.622041
0.915082
0.723614
0.344756
0.95088
0.254565
1.6959
1.92098
0.545523
2.11771
1.54979
1.51826
0.942782
1.75155
2.85436
0.334479
1.13931
1.69148
1.05557
0.799458
0.470864
1.63036
1.16126
0.380877
0.862029
0.590584
0.920857
1.86255
1.55282
0.92842
0.458621
1.3393
0.725804
1.23238
0.855239
1.49132
0.184144
1.08645
1.12482
1.24067
2.29818
0.840051
1.46206
1.06662
0.931211
1.88119
2.03964
0.568935
0.867174
1.14627
0.527573
2.18833
1.33726
2.01909
2.30706
0.793812
0.293399
1.31868
1.06622
0.493976
0.38031
2.09893
1.38943
1.35106
0.660938
0.665773
1.35799
0.56951
0.989901
0.78355
1.01598
1.66651
0.491186
0.784582
1.21874
1.27001
2.36785
0.442449
0.968765
1.06467
0.716994
1.86507
1.85356
1.25842
0.223495
0.319211
2.00709
1.29706
0.896029
1.2677
0.667434
2.27575
0.773793
1.48554
2.66112
0.644934
1.56673
1.27962
1.42863
0.979357
1.06851
1.54405
0.714139
0.679781
0.723987
0.35587
2.53191
0.136611
1.93028
1.18748
0.659632
0.676908
2.37523
0.458092
1.57706
0.521649
0.881012
0.661721
1.63199
0.679469
0.851031
1.7783
1.62748
2.66087
0.987911
1.38171
0.84433
2.32151
1.55683
0.259396
1.82737
1.97279
0.686924
0.198662
1.04491
1.83584
2.40256
0.584056
1.16538
1.40008
1.42638
1.23185
1.28445
1.46237
0.908957
2.04156
1.42459
0.743261
0.263172
1.39219
1.03241
0.667705
1.11283
0.448537
1.16673
1.94634
1.36312
1.40146
0.782129
1.6022
0.7511
0.862985
2.25065
2.3212
1.18789
0.911649
1.79258
2.69111
1.37063
1.46369
1.02044
0.150768
0.941534
0.402634
0.576138
0.890137
1.82083
2.11859
1.47629
1.18898
0.908039
0.775742
0.938604
2.65303
2.12659
2.15096
1.32863
0.709789
0.72965
0.541689
1.28163
1.30258
2.59352
0.966735
0.584269
1.62081
1.13443
1.51699
1.37138
1.38252
1.78566
2.16907
0.865525
1.25811
1.92991
1.58733
1.70554
0.805712
1.0648
1.09024
0.81398
1.9838
1.14181
2.98328
0.820606
1.72876
0.46732
2.01731
0.457596
0.680254
1.06742
2.4069
1.29532
1.19063
2.03094
0.601763
0.635812
1.51082
1.2966
1.76956
1.05578
1.43129
0.447849
1.84434
1.44047
0.345488
0.199398
0.9971
1.2791
1.38831
2.93785
0.63222
0.965798
1.26285
2.55232
0.597966
1.01159
0.94611
0.863266
1.3545
2.52833
0.760127
1.92465
3.3022
2.44907
1.22035
2.78163
2.29752
0.780701
0.267723
0.181399
1.46313
1.32271
0.461486
0.961286
2.57745
1.05851
1.19549
1.9795
0.614089
0.921018
1.6942
0.353643
1.89304
0.400828
1.62919
1.98226
0.539615
1.39692
2.06867
1.81861
1.44079
1.82396
2.20982
1.25904
0.847961
1.51027
2.30186
0.235262
0.929583
0.597365
1.49989
1.36765
2.9969
0.571306
0.772866
1.30284
0.771722
1.40684
1.13955
1.49223
1.27543
1.58358
0.774907
1.70213
0.460339
1.01789
1.32525
0.821726
0.872222
0.347561
0.969944
1.0882
0.422308
1.47685
2.87891
0.595531
0.1967
0.966745
1.10895
1.27667
1.17591
0.587294
3.06974
0.244691
1.18399
0.529151
1.89325
0.911159
1.38608
0.69248
0.310172
0.245076
1.72359
0.606629
2.57885
2.87555
2.24966
2.52092
0.798806
2.39939
0.656201
0.370694
0.979878
1.60462
1.66163
1.59425
0.32288
0.603435
0.310181
1.53309
2.83334
1.45842
1.26876
1.92668
0.613741
0.182969
0.614516
2.50518
2.47634
1.35371
1.33993
1.35902
0.783038
2.58527
0.423287
1.43326
0.806208
2.262
1.73687
0.724069
0.541235
0.925462
0.636652
0.343838
0.747747
1.06528
0.356873
0.39131
0.776072
1.98021
0.398265
1.62584
0.940197
1.80023
1.4753
1.40944
1.4851
0.993739
1.36013
0.968331
1.04041
0.51869
0.399013
1.38143
1.14079
0.791073
0.499745
1.65582
0.703431
0.42888
0.958572
0.79806
1.10612
2.30768
2.37896
0.558122
1.0668
1.69323
0.557149
1.61371
1.27991
1.81376
1.42058
1.25746
0.550127
0.768827
1.65175
1.21018
1.9021
0.532709
0.654186
1.47714
2.0053
0.899274
1.05111
1.84805
1.19461
1.86361
0.132482
1.09817
1.3091
0.629163
0.639104
1.09039
1.39216
1.28646
0.930745
2.96176
0.360883
1.18472
2.55729
1.97263
0.750843
1.89079
1.4493
0.927289
2.48832
2.21361
1.09229
0.974824
0.736529
1.00591
1.46274
2.65926
0.842437
1.42179
0.99122
0.581584
1.36669
0.202714
0.549292
1.61855
0.879416
2.1307
0.0604714
1.12178
1.0132
2.26534
1.04323
1.48831
0.985215
0.633498
1.42401
0.181946
1.14212
0.742113
0.731696
0.0304419
0.792214
1.35913
0.778153
1.74007
1.49497
0.462058
0.373593
1.51136
0.27512
1.63715
2.00808
1.54237
0.479547
2.1235
2.20714
2.26398
1.25693
1.05296
0.239758
0.510631
1.19197
0.531669
1.90173
1.49803
0.784305
1.12586
2.79379
0.941325
0.327901
2.1672
0.55137
1.32575
1.02376
1.73264
0.741224
0.888402
0.465163
1.01461
0.83632
1.17592
1.13556
1.53077
0.20998
1.14425
2.03279
1.50412
0.883121
0.632695
0.7875
0.802442
1.43743
1.91891
0.628234
1.72944
0.627635
1.39522
0.78691
1.66003
2.33482
0.781417
0.405837
2.57032
2.34033
2.03569
1.28562
0.321997
0.961414
2.1712
2.03952
0.977441
1.03163
0.745995
2.08093
0.484905
1.19296
1.1209
1.11188
0.894109
1.08325
1.02222
0.231116
1.98525
0.935887
1.48645
1.16079
1.60431
2.07964
1.80331
0.531349
0.31835
1.99653
1.3745
0.545096
1.87214
1.44931
1.07463
1.16875
2.31839
0.379516
2.03515
0.139664
1.38725
0.264598
0.837
1.20708
0.84675
2.61699
1.57371
1.16512
2.29767
1.26651
2.10248
0.768642
0.729429
1.82148
1.4936
0.41025
3.80892
2.07359
0.354187
1.16493
1.40103
2.05382
0.389514
1.86815
2.00943
0.503888
1.33149
0.359158
0.591229
0.543141
0.589638
0.8678
1.13471
2.76007
0.346625
1.22124
0.780976
1.40561
2.76416
1.30823
0.715033
2.8413
0.486943
1.49043
1.04919
1.23571
1.07307
1.22615
0.756035
1.03841
0.472033
0.335294
1.88109
1.86964
1.48465
0.285153
0.6025
1.32491
1.83057
3.18948
0.915468
1.32198
1.61012
2.29991
1.86031
0.858879
1.42015
1.26563
0.340347
0.738411
1.20713
0.888399
0.84689
1.3573
0.729104
0.562679
1.64873
1.04113
2.53086
1.52472
0.352095
2.00584
1.59104
0.865906
1.03314
1.07516
1.34083
0.57709
1.57893
0.401291
0.87623
0.528416
0.747462
1.12507
0.625838
0.764872
1.1441
2.75419
0.766081
0.880196
0.269604
0.258686
0.921734
0.720972
0.243088
0.931265
1.05968
1.67168
1.21314
0.707623
2.05388
0.229003
0.833015
1.2771
0.644276
1.05703
0.678633
0.26441
1.53655
1.90017
0.936754
0.819134
1.03153
1.18631
1.5692
1.7421
0.890096
0.504023
1.1938
0.870444
0.62028
0.456294
0.983804
1.45979
2.04204
1.41548
0.855099
0.808951
1.64736
1.71251
0.491945
0.602993
1.28168
3.5622
0.40718
1.46911
0.195012
3.07423
2.05595
1.13725
1.96483
1.33912
1.62934
0.32423
2.03591
0.478342
1.74848
2.29894
0.847018
1.56083
1.52201
1.40035
1.59107
0.698022
1.26123
0.630169
1.95155
1.28969
1.39572
1.825
0.311797
1.74359
0.106271
0.258473
1.52796
1.3705
1.57353
1.42732
0.306516
0.562783
0.25956
2.29325
0.248002
1.00595
0.445776
1.88709
0.768953
1.06839
0.598945
1.97137
0.981957
0.977708
1.68639
1.67535
0.58479
1.02484
1.18218
1.22122
1.63573
1.16317
1.84968
1.24309
0.208167
0.944718
1.01146
1.34178
0.348966
2.4604
1.68706
1.11303
1.13914
1.3622
0.759564
1.62248
0.966248
1.34604
1.51714
1.97659
1.81763
2.61337
0.57451
0.468993
1.17339
1.91834
1.47492
1.63287
1.64585
2.29312
1.48628
2.09641
1.25423
1.59668
1.04458
0.980543
1.78181
1.1237
0.868005
0.87385
0.721278
2.00683
0.643686
0.319493
1.52587
1.51779
2.81406
1.11403
1.22671
0.353837
2.20804
1.23207
1.30751
2.14916
1.54747
0.104136
0.869673
1.16588
1.01068
0.65419
0.51611
1.76492
1.56133
0.940578
2.64767
0.282685
1.13546
0.401833
0.611454
1.8157
0.85533
1.12635
1.56015
1.23104
1.56315
2.69751
0.440427
1.79677
2.12098
2.18373
1.31354
1.08381
1.80102
1.69011
0.847927
0.604411
1.446
0.593026
0.90437
0.597181
2.18219
0.363717
0.55438
1.34652
1.21591
0.397932
0.30047
0.934648
1.17984
1.48003
0.645661
1.98093
2.02131
1.56344
1.09119
0.435788
1.15683
1.56028
1.20435
1.61746
1.89745
0.595637
0.281515
1.18047
1.24238
2.43964
0.679576
1.63046
0.513508
0.705403
1.62838
0.395866
2.4058
1.01229
2.35832
2.18783
1.60273
1.12747
1.23018
1.12024
1.07599
1.54915
0.981907
0.972106
1.40184
1.78406
0.958254
1.76254
1.97127
2.00106
0.628246
1.8693
0.429204
0.854377
1.28317
0.835792
2.22237
1.51132
1.59858
1.31453
1.41499
0.485616
0.665677
0.830647
1.14426
1.18292
0.588725
0.621335
0.976719
1.2325
1.35085
1.70846
1.40455
0.891995
1.20404
1.00219
0.684692
1.1761
1.41228
0.709398
0.89086
0.666578
1.3747
0.874781
2.1291
0.932314
1.14964
0.846201
0.201263
0.765989
0.837506
1.90597
0.558223
1.4737
1.31348
1.49905
1.25661
1.68338
0.382124
1.71592
1.6247
1.00462
0.663349
0.665229
1.13861
0.729361
1.22053
1.62761
0.63517
1.65468
0.952447
1.71883
2.14988
1.07816
1.54171
1.16567
1.33114
1.02713
1.77885
0.945973
0.703243
2.08901
0.812364
1.04537
0.842046
0.798319
1.78545
0.103763
1.89426
1.13502
3.06798
0.364968
2.24866
1.13566
1.86741
0.923567
1.0125
2.87593
1.22974
1.86022
1.78355
1.12134
0.745106
0.210052
1.27777
0.214847
1.76464
3.15447
1.68842
1.30996
2.03918
1.31072
1.2601
0.557153
1.02318
0.190347
1.93031
1.46209
1.43388
1.99434
0.586938
1.52655
1.48761
0.216556
2.35916
1.16588
0.979106
0.40121
0.956823
1.93494
1.25897
1.81091
1.30277
1.2069
1.78229
2.13236
0.706117
1.05338
1.23634
2.00411
0.998077
2.01758
0.989896
1.10588
0.548643
2.29946
1.85716
0.700065
0.699394
1.09984
1.84156
1.29351
0.728061
0.986905
0.301569
0.990711
2.17871
1.02133
1.88547
0.502717
0.78051
0.286475
2.07418
2.19708
2.32254
1.11257
0.275305
2.13766
1.09132
1.39184
2.05508
1.69967
2.03878
1.77164
1.52351
1.10029
1.11006
0.759582
0.971587
1.20151
0.871328
1.50456
0.719772
0.402067
0.446047
2.68736
0.859069
1.60174
0.24058
1.36334
1.95248
0.289375
1.07686
1.5522
0.797614
0.121594
0.735661
2.96164
1.04034
0.82471
2.02143
1.25091
0.893903
1.5834
1.20837
0.610228
0.802964
0.849829
1.08623
0.385374
0.642757
3.06579
3.19577
0.336573
1.53615
0.824506
2.41096
0.644537
2.06773
1.01039
1.49343
0.443858
1.94409
2.33539
3.18274
2.13443
1.79967
0.725536
2.935
1.15467
1.9097
2.95195
1.17093
0.512979
0.544472
1.08203
1.29479
1.30978
1.26557
1.8461
0.407423
0.3829
2.17654
1.95777
1.08562
2.40315
2.5246
1.64188
2.01519
0.395683
0.464068
0.90997
0.953774
1.64403
2.64496
1.16883
1.88082
1.95761
3.17745
0.617977
0.343783
0.923585
1.08723
1.07234
0.885198
2.65216
0.828384
1.92183
0.786785
0.624813
1.26218
0.224328
0.313163
1.35932
0.484711
1.17441
0.986823
0.601942
0.826168
1.02554
2.05137
1.01716
1.49904
0.557026
1.38058
0.290697
2.0215
1.88016
2.24371
2.29337
0.558976
1.9176
0.404182
1.09789
0.865772
1.41681
1.86145
1.04139
2.72452
2.07837
1.22547
1.92641
2.14811
1.07052
0.925628
0.221555
0.641815
2.14217
3.17497
0.511877
1.41584
1.71517
2.66248
0.811876
1.18021
0.791902
0.169557
0.752901
1.21033
0.707484
1.07348
1.35745
1.09657
0.723156
0.537205
0.871001
1.5085
1.34822
0.710357
0.496169
0.661151
0.640766
1.59975
1.30528
0.193096
1.98765
0.869401
1.69656
0.936889
0.55323
0.744695
0.941695
0.646417
1.91045
2.09838
1.62639
1.70445
1.4903
1.5358
1.18593
0.71257
1.96496
0.215611
1.8124
1.3368
0.311479
3.12988
1.53464
0.991302
1.16057
1.0445
0.93018
2.27133
1.45732
2.06459
1.60837
0.382901
1.30419
0.850704
1.59926
2.71021
1.38053
0.489961
0.316088
0.586111
0.779365
1.92715
0.118869
1.69762
2.10146
1.27246
1.2329
1.29536
0.592738
1.2985
1.53502
2.22913
0.379564
0.840195
0.377374
0.300129
1.67977
1.40107
2.26077
2.86118
2.28197
1.61055
0.568592
0.124538
1.58113
1.66509
2.23298
2.00342
2.03951
1.11589
0.980158
0.429798
0.317972
0.436886
1.36322
1.64414
2.14937
0.426273
1.86618
1.2121
1.90265
1.53819
1.76851
1.32081
2.13069
1.1454
1.18078
1.34587
2.16165
0.450874
0.267531
1.37617
0.929926
1.16007
0.485872
1.86381
1.69936
1.03699
0.382189
1.60082
1.14615
1.14216
2.31946
0.436514
1.36339
1.11809
0.996373
2.53123
1.4907
1.00454
1.43915
2.10317
1.35549
2.23382
0.355089
0.50402
2.28499
1.01526
1.36922
2.27725
1.28717
1.54325
1.36169
2.55888
1.0189
2.35369
1.64472
2.846
1.14852
1.82391
1.19447
0.767157
1.6396
1.56672
1.0455
1.71496
0.925617
2.14901
1.0161
2.33627
1.48213
1.08929
0.769455
1.73767
1.88087
1.15239
1.56606
1.79895
1.07862
0.231873
1.87764
2.38205
1.2124
0.87706
1.29709
1.33149
1.75611
1.16461
0.843362
2.42912
0.579154
0.483408
1.80838
2.25234
1.2324
1.58769
2.64258
0.257126
1.44213
1.68155
1.75348
0.913513
1.10294
1.95755
1.62562
1.83276
1.12229
1.02419
2.20557
1.84518
2.10769
0.52549
0.641931
1.21165
0.276885
2.62358
0.591946
0.539583
1.75544
0.397528
0.923006
0.958424
1.01567
0.420339
1.55662
1.24839
2.32221
2.21348
2.66834
1.82771
1.30664
2.46666
0.987318
1.4095
1.58572
0.634857
1.3268
0.713119
1.22218
0.670103
0.994002
1.7641
1.21745
0.872441
0.175795
1.653
1.76843
0.757387
1.04255
1.01641
1.21936
1.45728
0.890543
1.63088
1.28753
0.177605
0.624188
1.35148
1.79913
0.763158
1.88239
0.430112
1.52151
1.34935
1.13272
1.55976
0.836261
0.469627
2.18427
0.645098
1.37097
1.55095
1.39564
1.61317
1.44004
0.817758
1.72389
0.762565
0.247063
1.54893
1.90852
1.11887
1.42216
1.34321
1.01045
1.25093
0.470979
1.98909
1.53237
0.877871
2.99474
0.547286
0.376482
1.45755
0.533085
2.17162
0.995223
1.99787
0.766056
0.905064
1.08438
1.86292
0.918054
1.77056
2.88867
0.940668
1.1618
1.02236
1.38514
0.839609
1.74988
0.145877
0.937398
1.00464
0.504158
1.02368
1.96435
2.05332
1.52849
0.339771
1.1609
1.00307
2.21065
1.55966
0.80133
1.1907
1.1911
1.87802
2.88174
0.178547
0.509104
0.894739
1.50689
1.05862
1.74392
2.33411
1.5468
0.701137
0.888267
0.565041
0.908006
1.50813
1.56425
1.56088
0.917941
1.16498
1.34929
2.6101
1.84774
2.13139
0.374403
1.05671
2.48435
0.190892
0.621918
1.57117
1.87009
1.3948
1.6752
0.775052
1.14268
1.75184
0.638214
0.886456
0.491349
1.68304
1.88536
2.17999
0.584731
0.848386
0.473282
0.49538
2.14567
1.38975
1.66812
0.490177
2.50033
1.13191
1.23371
0.46791
1.61834
0.333378
0.666791
0.791347
0.442255
0.668514
1.78071
1.68715
0.815054
0.898008
1.32197
0.744814
0.488835
0.828124
0.359082
1.84399
1.64312
1.06357
0.758417
0.600473
1.69207
0.786341
0.736205
0.893445
1.05674
1.48176
2.27963
0.631582
1.74759
1.36739
0.422624
1.7393
2.24182
0.620241
1.37049
1.84086
0.460297
0.726667
0.638341
0.304601
1.38526
0.794708
0.367237
0.541109
0.985626
1.66406
0.560087
2.04551
1.23412
1.25137
1.95964
1.11184
1.35728
2.01948
1.47808
0.95222
1.57764
1.20278
3.31122
2.46913
2.07547
2.36897
1.63276
1.58141
0.937453
0.531157
0.611515
1.44926
0.285017
2.01416
1.05122
0.329842
0.298587
0.520369
1.11019
0.549367
1.31751
0.61446
0.450054
0.949285
1.35359
0.425836
0.698934
1.57881
0.89751
1.21448
1.05538
1.52945
1.09489
0.361661
1.26364
0.880369
2.23421
2.03752
1.3128
0.718222
1.94158
2.82039
0.995681
1.79836
3.63132
1.23273
1.17501
1.89001
1.85029
0.703228
0.67554
0.842902
0.66987
0.609302
0.892987
2.61891
1.39884
1.00422
1.40727
1.37622
0.861985
2.56908
0.304281
1.26671
2.12757
1.41559
0.404102
1.47922
1.7098
2.11772
1.17572
0.161259
0.598756
0.799208
0.601944
1.1845
0.928025
2.27784
2.53362
1.97021
0.451808
0.675124
1.15217
1.50198
1.21925
1.29137
0.36963
1.80261
1.03871
1.01801
1.05539
1.64529
1.91057
2.03273
1.17799
1.51042
0.571204
0.518174
1.53357
0.691128
1.02562
0.835972
1.58327
1.3439
0.719844
2.63846
2.04336
1.75094
1.57156
1.18036
2.848
1.08287
1.81002
3.49657
0.989884
0.76865
0.807457
0.407613
1.51237
0.995607
1.6583
1.71337
0.612926
1.51245
0.82347
2.97361
1.02011
1.38167
0.55861
1.28512
0.292994
0.790309
1.64243
0.470254
1.87636
0.700702
0.401173
1.84429
1.34705
0.771694
2.52209
0.633288
1.5513
0.66008
1.67451
1.45983
2.27634
1.37764
0.699443
1.06117
1.58764
2.60512
1.07419
0.73587
1.77253
1.19423
0.192006
0.381174
2.30715
1.04416
1.81449
1.84435
2.7633
1.22669
1.0715
0.559566
1.60754
1.51332
2.80661
0.875587
0.655999
0.913982
1.71901
1.417
1.54633
1.66291
1.10396
1.34577
0.951637
2.01255
0.940052
1.57647
0.744331
0.942251
1.69016
0.809633
2.29506
0.877103
2.8269
1.13842
0.803796
1.6939
0.724809
1.80459
0.529486
1.71398
1.71377
2.18871
2.20359
1.43094
0.283114
1.62179
2.12955
0.600324
0.417816
0.33978
0.627946
1.14548
0.656876
2.09684
0.851784
1.86322
1.64907
1.18667
2.72018
1.30875
2.30274
0.752999
0.736726
1.5744
0.689173
0.762567
0.580905
1.34906
0.836102
1.48688
0.780199
2.52975
0.703829
1.43707
0.584895
0.329079
0.493391
0.416778
1.10953
1.06887
0.396835
0.85073
1.09983
0.701453
0.923344
1.40598
1.18898
0.425794
1.35546
0.613219
2.43342
0.934611
1.8114
0.695629
2.58569
0.53124
0.876451
1.70677
2.12798
2.34513
0.874251
1.39341
1.28659
2.6721
1.57185
0.640696
0.743738
0.981908
1.41003
1.32378
0.772719
0.46988
0.23658
1.0592
2.76357
0.950464
1.20018
0.657178
2.82033
0.753757
1.44656
0.338477
0.0202229
0.0988528
0.812217
0.901839
1.45203
1.1268
0.949654
1.72258
0.616654
0.616963
1.2307
1.87098
2.4849
1.94499
0.532151
2.20507
0.617734
1.40898
2.0769
1.77902
2.09204
0.19901
1.13193
1.30189
1.91241
1.25079
0.0310373
1.58851
2.91539
2.86665
0.510124
1.83424
1.12685
0.430702
1.33002
0.643896
2.41094
0.890727
1.19713
0.591679
0.449951
1.63977
0.83396
2.37902
0.373176
2.33979
1.25697
1.57549
0.888752
2.29842
0.691902
0.958784
1.33785
1.60824
0.314723
1.23731
2.56884
0.956204
0.86231
0.465989
1.74311
0.942366
0.347675
0.733348
0.636266
1.51812
0.923237
0.917493
1.73801
1.28741
1.60623
1.7036
0.920307
1.15825
0.154628
0.806566
0.793909
1.0365
0.979377
1.99427
0.689152
1.24822
0.395243
1.37782
0.385669
0.26857
1.10117
1.15276
1.97432
0.764079
0.999378
1.53072
2.44162
1.06206
2.08983
0.605379
0.665921
1.43647
1.54999
0.591846
1.24203
1.64044
2.01762
1.67254
0.737962
1.78085
0.927538
2.5727
0.988397
0.370105
0.948817
0.630874
1.06335
1.83723
1.14261
1.88415
1.1023
1.67205
1.28017
1.14535
1.26691
1.29869
0.949671
1.3383
1.60001
0.693898
1.32492
1.62935
2.06447
0.680706
0.0996645
1.06611
0.520248
2.44151
0.310167
1.95644
0.228717
1.09317
1.41848
0.917603
1.44054
0.595838
1.53868
0.774849
0.604059
2.2029
0.885871
0.552818
0.889819
1.07884
2.51915
1.69435
1.06291
0.417308
2.39917
1.66786
1.36133
2.34026
1.35517
2.42054
0.9246
2.65076
1.23345
1.57929
1.71963
1.44719
2.76975
1.27406
0.612803
0.788508
1.82819
0.606631
1.23133
0.588125
0.866604
0.504547
1.8264
0.999557
1.41963
2.25706
0.682848
2.04782
0.723414
1.43467
0.185947
1.27183
1.59801
0.625558
1.41297
1.81133
0.601464
1.80799
0.963448
0.715802
1.50565
2.2732
1.21153
1.55471
1.36287
1.13743
1.91101
1.39592
0.310213
1.73453
1.00929
0.862577
1.18473
0.51841
1.22101
1.7039
1.65788
2.34147
0.550537
1.93199
1.54012
0.692624
1.4593
0.556732
2.48533
0.934304
1.3152
0.447487
1.25192
0.693946
0.428673
0.459572
0.256524
0.25351
0.790423
0.802873
0.353421
1.01167
1.81862
2.05979
1.89147
1.12156
0.813969
1.17564
1.13662
1.63228
0.732014
0.556249
1.47712
1.34472
1.33307
1.78848
1.59926
0.880473
0.613797
1.35048
0.136677
2.38836
0.738774
0.988033
1.75527
1.34218
0.373584
0.402024
1.76286
1.08324
0.762603
0.6653
1.51757
0.86174
1.30603
1.72976
1.07425
0.550115
0.94036
0.624536
0.179531
0.545533
1.36336
0.747554
0.336717
1.45643
1.56111
0.635037
0.394482
1.40043
0.916969
1.75084
1.75429
0.983544
1.26788
1.01628
0.615691
1.46607
0.58315
1.38208
0.619472
0.877744
0.551591
1.19338
0.772428
2.28561
1.16863
2.63419
1.28981
1.62868
1.75509
0.829388
0.843516
0.607551
0.827111
1.05578
2.42073
2.37089
1.61007
0.607032
0.420078
2.28452
1.14882
1.01158
0.621739
1.394
3.30998
0.265153
1.14833
0.81205
0.893973
1.29832
1.68356
1.68431
0.767616
0.677864
0.874113
1.00742
1.09417
2.10652
0.39818
2.28278
1.53893
0.96148
1.17722
1.06927
1.33541
1.2792
0.840754
1.82493
0.959896
2.32719
0.595273
1.87719
0.912615
0.777199
1.24892
1.73183
1.16456
0.105394
0.805917
0.888147
1.18373
0.837596
0.659605
0.748073
0.468026
0.882003
1.42403
1.44108
2.26695
2.18225
1.72099
1.16524
0.606733
1.60511
2.01086
1.53409
1.59534
2.19006
2.67365
1.08656
2.00811
1.09468
1.15907
0.676497
0.868373
1.83579
0.730595
0.959108
2.22183
0.884284
1.07573
1.71834
0.642058
0.974951
1.08365
1.70107
1.53802
1.7926
0.162331
0.747175
2.288
1.40502
1.33817
1.99893
1.5576
0.860822
1.31902
1.44629
0.332792
1.66543
1.48258
1.27781
1.30136
2.09784
1.24573
2.60209
2.0343
3.24893
0.605498
2.69667
1.68805
0.543451
0.856104
1.70104
1.6567
1.31921
2.84168
1.02537
0.56118
0.27013
1.14799
0.903701
0.780847
1.44667
0.915469
0.864543
0.914786
0.0557797
1.36973
0.927602
1.23202
0.884826
1.55887
0.618292
1.61055
2.22547
3.12716
0.245175
1.81483
2.8593
1.17774
1.57697
0.455885
1.5055
0.71034
1.34105
1.00552
1.15947
0.350162
1.91326
0.841501
2.11786
0.917031
0.707767
1.67538
1.67393
2.01308
0.976986
1.20215
0.91665
0.514617
0.429264
1.56446
0.786229
0.479973
0.566815
1.52811
0.606976
1.28595
0.856534
1.93388
0.753794
0.302939
1.34094
1.00435
0.498652
0.283228
1.19138
1.20867
0.877625
1.05264
1.11368
1.41887
1.91279
0.875554
0.922562
1.19674
0.634059
1.44643
0.933298
0.935205
0.441346
1.88837
2.64207
1.42399
1.18223
1.21184
2.09214
1.08075
1.1054
1.4025
0.74182
0.888412
1.27551
1.00157
1.32731
1.22076
0.999234
0.399897
0.788983
0.157351
0.552604
1.48577
0.520079
2.12856
2.28909
0.883754
1.98691
0.410692
0.80778
3.07945
1.51333
1.15918
0.377815
0.122783
1.10462
1.47054
1.99985
0.502664
0.773371
0.714768
1.18428
1.09042
0.544732
0.713519
1.63204
1.88073
1.29834
0.240974
2.123
1.88721
2.44361
2.05103
0.858568
0.713655
0.636187
2.65939
0.997366
1.2765
2.27489
1.35831
1.37062
1.26205
1.66613
0.733141
1.77951
1.052
1.88027
1.56959
2.19479
2.10074
0.783878
2.10858
0.972422
2.32695
2.00714
1.66634
1.85891
1.04864
0.538528
2.32553
1.2705
1.97737
0.649921
0.537974
1.19648
3.3379
1.96634
0.702306
1.09624
0.215288
1.16021
1.28165
0.581736
0.742371
1.30636
0.481598
1.03202
1.54707
2.53703
1.77263
1.40991
1.36552
0.230406
1.34659
1.1421
1.58331
2.0519
2.02512
1.62929
2.05618
1.60688
0.576306
1.09281
0.612072
2.1437
1.48501
1.12335
1.052
1.21462
0.684721
2.53904
1.48136
2.3881
1.49632
0.633869
1.17079
1.5513
3.23684
1.12479
1.24731
0.792076
2.16673
1.16855
0.218159
2.08551
1.49159
2.19868
1.88376
2.0046
2.08728
1.03301
2.61505
1.20716
0.319011
0.869247
2.73678
0.521407
1.49679
0.32655
1.37252
1.86294
1.3418
0.507607
1.3114
1.78651
1.86755
0.24688
2.09114
0.831616
0.57419
1.14718
0.881467
1.48177
0.318675
0.695308
0.260618
0.845031
1.76825
0.365184
0.638969
1.79172
0.503608
0.765696
1.93646
1.55816
1.598
1.06566
0.464096
1.43925
0.881113
3.52798
2.17136
0.933175
0.439196
1.49886
2.00086
0.527028
1.20676
0.0826509
1.56776
0.937072
1.11098
0.294912
0.951772
0.982029
0.718658
1.41567
0.649697
0.231998
0.846346
1.89752
0.773574
0.17499
2.1422
0.516669
2.06482
1.62875
1.10397
2.225
1.45764
1.25335
2.64877
1.32752
1.37444
0.633267
0.901707
1.03525
0.455216
0.731549
1.74892
1.08309
0.957583
1.21486
0.932359
0.462365
1.96927
0.55622
0.110494
1.08085
0.614831
2.23201
0.810674
2.95061
1.17756
1.16842
0.793469
1.58956
0.581204
0.211521
0.23685
1.549
0.709345
2.33056
1.4276
2.7793
1.54623
0.975195
1.23172
0.624892
1.12089
0.690202
1.00548
1.63315
1.19508
1.5412
0.688157
0.79226
2.3961
2.2932
0.446951
1.58476
1.2973
0.514508
0.953714
0.963314
1.33101
1.28172
1.4532
0.616507
0.385135
0.837175
0.98294
1.31941
2.36828
1.6451
1.19981
0.476632
2.46981
0.754231
2.13973
1.37794
0.965432
0.567255
0.882965
0.816041
1.31429
0.754052
1.26098
0.327213
1.14625
1.7927
0.664411
2.15653
0.113106
0.496309
0.947177
1.20286
1.62759
1.93214
2.08686
1.27992
1.01046
2.58953
0.650755
1.48618
0.985677
1.22603
1.49499
0.941984
2.38545
0.80126
1.22633
0.662806
1.80583
1.45203
1.42046
1.24697
1.63103
1.37489
1.74328
1.29671
2.18971
1.25184
0.530452
0.894956
1.91144
1.83275
1.45406
1.72931
0.0837482
1.21092
0.673321
1.29344
1.49188
3.01868
1.13333
1.62277
1.96127
1.21431
1.2063
1.50642
0.192057
1.25691
0.520341
1.31654
1.51182
2.58275
1.40107
1.11602
1.23799
1.65446
1.26945
0.627677
0.177757
0.391848
1.6212
0.224762
0.628854
0.441663
1.60056
1.8852
1.95527
1.6529
0.583905
1.09561
1.86477
1.31539
2.11215
0.659527
1.40981
1.05124
1.04313
1.45284
1.80128
1.62117
1.05975
1.01899
1.30448
0.849071
0.252796
1.22092
2.36061
2.25226
2.58622
0.764949
0.868879
1.03201
1.77545
2.11103
0.916987
0.89917
3.05617
1.38637
2.42875
1.68365
0.539935
1.37789
0.805708
1.96151
0.923495
0.960274
1.85386
0.860987
1.12347
1.71467
0.777404
1.94902
0.336222
1.62603
1.46161
0.846326
1.01376
1.58401
0.140204
0.835397
0.674136
0.728701
1.81993
0.528826
1.36367
1.1903
0.756728
0.642028
1.43532
1.98486
1.41854
2.1865
0.740104
1.12202
0.909879
0.387334
0.876074
1.55563
2.28241
0.680216
0.737208
1.06765
0.529223
2.11673
1.22935
0.970396
1.80947
0.904181
3.48539
0.930633
1.41084
1.58729
2.25465
0.870716
2.88158
2.01991
1.16055
0.776938
1.16216
0.512475
2.76174
1.38299
1.46594
0.49216
1.22241
1.43582
1.45754
2.67266
0.570043
0.373562
1.819
1.27672
0.657804
1.30843
2.57522
3.15377
2.21288
0.944381
0.678127
1.63295
0.446153
2.25251
0.884084
0.756224
0.806787
1.23962
0.643198
0.371479
1.04692
2.85699
1.516
0.645423
0.914239
2.67499
1.20028
2.14611
1.9794
0.557774
1.95244
0.881586
3.06851
1.40766
0.296219
1.62458
0.618919
0.45581
1.44593
1.98381
0.155037
2.24964
1.62357
0.723077
1.11356
1.58252
1.7152
0.84068
1.76694
1.21424
0.753779
1.0721
0.617224
1.66193
1.15269
1.47113
0.44813
3.22199
1.62876
0.3568
1.50356
0.888104
1.31447
1.04551
2.67257
0.686571
1.66473
1.25257
1.69253
0.541534
0.531526
2.15304
1.47786
1.72655
2.07051
0.920583
1.3074
0.674453
2.02317
1.38611
1.77179
0.295095
0.766975
1.39953
0.811768
1.43201
0.541711
1.64157
1.33238
1.43856
1.26191
2.88119
1.15916
1.45498
1.95757
1.62095
2.03451
2.0988
1.31152
1.08493
2.09621
0.900253
0.833033
0.609016
0.979949
1.2527
0.863224
0.828625
0.506181
0.489312
2.22941
0.350302
0.256194
0.288767
1.21722
1.5688
1.11186
0.294157
1.65343
1.30134
0.870072
1.18005
3.18213
0.901892
1.18879
3.21859
1.1569
2.07142
0.753012
1.47418
0.865607
0.895711
0.779646
2.44142
2.51913
0.927877
0.655567
1.16025
2.20344
3.3123
1.05534
2.58426
1.36598
1.6261
2.193
0.171438
0.737311
0.860572
3.20232
1.12978
1.02592
0.792432
1.27746
2.73201
0.415876
0.540341
1.28278
0.620792
2.36869
0.399635
0.415402
0.211442
0.596268
1.01842
2.82045
1.82514
1.79927
1.40819
0.700613
0.787535
1.2161
1.29781
1.12571
1.58646
0.938825
1.14536
1.76138
1.42966
2.18243
1.49832
1.32872
1.31543
1.97692
0.988353
1.25459
0.933863
1.22602
1.22454
2.40045
2.1837
1.52751
0.484483
1.33993
1.31606
0.906633
1.26934
0.130317
1.89398
0.822293
1.71193
0.461452
2.16009
1.05755
1.69783
1.29058
1.76026
1.87378
2.27202
0.579248
3.18485
1.67219
0.773518
1.96433
1.29534
0.805152
2.19053
1.0231
1.15139
0.304537
1.1567
2.2286
2.29296
0.933304
0.656432
1.54467
0.682429
1.78614
0.610858
2.19513
1.89548
0.502323
1.46915
1.61659
0.993592
1.08013
0.230372
0.8678
1.82014
1.29576
2.15881
0.325348
0.153542
1.00117
1.39485
0.442737
1.93992
1.15706
1.37264
1.13394
1.84487
2.67622
0.863603
1.47094
2.13311
1.29121
1.9784
1.17685
2.42302
0.683434
0.952485
1.90715
1.91234
1.17033
0.939689
0.791113
0.684229
1.14373
1.8729
0.729335
1.1855
1.50855
0.34226
1.2444
0.719549
0.684323
0.706032
1.33837
0.865629
1.05563
1.22344
1.84743
1.30181
0.421869
0.334008
1.15629
0.954611
0.980843
1.30313
1.25681
1.87508
1.61385
2.16473
0.705978
1.87798
1.21594
0.504276
0.528869
0.959745
1.02118
0.628305
1.48367
1.74137
1.32401
1.6077
1.03041
0.492578
0.140774
1.15723
0.540114
0.857588
0.732738
2.10688
2.12588
1.73927
0.764151
0.716257
2.16916
1.20791
1.18503
1.50008
1.26938
2.29288
2.08444
0.325106
2.81538
2.19171
0.452572
0.418058
1.95702
0.395031
0.866634
0.47037
2.72198
1.01378
0.715362
1.93357
0.819157
0.890009
1.28631
0.263475
0.206904
1.63662
0.98617
1.17065
0.813999
1.5688
0.675972
0.459197
1.4486
1.26602
1.304
0.560915
1.50271
0.830481
1.13633
1.04578
1.08805
1.30009
1.98784
1.2889
1.64764
1.41884
0.760677
0.784874
1.64765
0.647115
3.0652
1.54244
1.18014
1.72357
0.512427
2.02034
2.0985
1.46037
1.53893
1.08754
0.467038
0.525026
1.43691
1.22745
1.96095
1.16413
1.85993
0.664162
1.706
1.03342
1.99182
0.478266
2.36131
1.18263
1.50129
1.39535
0.447783
1.26503
1.10924
0.39168
0.948905
1.51115
1.42918
0.556781
0.8505
0.759513
0.762458
1.68584
2.38382
2.10367
2.24561
2.13467
2.22956
0.766881
1.06079
2.25106
0.583918
1.62052
2.7625
1.0326
1.2674
1.06013
1.50226
0.392119
2.02638
0.469574
1.94131
2.30299
0.927403
1.31517
0.321577
0.91329
1.56572
0.855014
1.42128
1.2902
0.814426
1.34508
3.6852
1.5545
1.04478
0.45037
1.93215
1.36794
0.593569
0.568998
1.62175
0.648074
0.557558
0.469173
1.07156
1.34455
0.853866
2.2977
1.65092
1.62202
2.20497
1.28611
0.896202
0.828758
0.375863
0.360693
1.48219
0.479415
1.86223
1.67802
1.62616
0.426626
1.33407
1.70758
2.25861
0.835182
1.15161
1.14437
1.42537
0.72928
1.8228
0.514775
0.937241
0.649496
0.478048
0.919367
1.31869
0.759513
1.89103
0.580314
0.660786
1.66119
0.579737
0.630975
0.93238
0.800972
1.60546
1.56457
1.49564
0.566341
1.33384
1.34662
0.644945
1.42504
0.757766
1.47222
0.161078
1.28023
1.25771
2.48509
1.79901
1.22622
0.602254
1.84421
1.27198
2.11777
1.15332
1.1883
1.70287
1.0879
0.840063
0.33062
2.14752
1.21255
0.421173
0.680066
0.476225
0.799368
2.15791
1.30932
1.74878
0.929648
1.69523
0.311587
1.12983
0.791624
1.97078
1.39652
1.32783
1.90655
2.6791
0.96493
0.874535
1.37214
0.923192
1.85963
1.34271
3.38728
1.72708
1.02894
1.58299
0.399669
1.25238
2.04935
0.259549
1.82016
1.94475
2.25499
0.439414
0.63399
1.26309
1.66198
0.839072
1.73181
1.14798
1.02547
0.928248
0.246705
0.408985
1.54512
0.707655
1.93866
1.02914
0.118868
1.31664
1.0516
1.96748
0.0549875
2.45353
0.719008
1.4305
2.05568
0.775865
1.66867
1.53042
1.46356
1.5846
0.494929
0.32479
1.11292
2.34328
0.885515
1.4428
1.32971
2.59027
0.629864
0.298814
1.09084
1.27599
2.17897
1.61342
1.35825
1.07235
0.830399
0.981732
0.986251
1.90342
0.981712
2.07633
2.06796
1.96903
0.64254
0.565099
1.93936
1.60644
1.45325
0.380807
1.82474
1.29729
1.47438
1.13109
0.870178
1.21643
2.24328
0.499574
2.06195
0.910006
1.60964
0.683485
1.00905
0.319206
0.776615
1.70587
1.24332
2.55328
0.918413
1.00964
1.90148
1.17616
2.78832
1.88531
1.2271
1.90246
0.680509
1.47296
1.09602
1.15699
1.03721
0.646456
1.16928
0.877281
1.36776
1.03923
1.23401
0.838897
1.5782
0.698741
1.35172
0.972788
3.5814
1.46276
1.41113
2.54252
1.16852
1.77439
2.2457
0.644498
2.07637
0.325426
2.96017
1.12125
0.0471354
1.09076
1.26628
1.31713
0.631039
0.824166
0.623239
0.148079
0.917204
1.34526
0.68341
1.80887
1.22934
0.612193
0.623643
2.09279
0.621178
2.19327
1.30992
2.25876
0.554509
0.478927
1.91382
1.57148
1.32455
0.572898
1.97844
1.4671
0.661974
0.221589
1.77236
1.9263
1.09275
3.23502
1.88368
1.44101
1.14916
1.83909
0.286001
1.19148
2.76695
2.57905
1.57662
2.25591
2.15214
0.922221
1.36462
0.043198
0.816902
1.22053
1.2085
1.34264
1.22441
2.14503
1.27656
0.370123
0.996586
1.17599
0.603854
1.02231
1.52707
1.60201
1.11577
1.86137
1.48886
1.09638
1.16799
0.811415
0.521251
1.04931
0.611056
0.566468
0.485175
0.951885
0.568658
0.838476
1.17276
1.26877
0.379074
0.62483
0.865736
3.08406
1.14293
1.37716
1.23179
1.42971
1.90658
0.639535
1.26283
1.55553
0.977522
1.25453
2.17635
2.12329
1.61477
1.80447
0.713551
0.893504
0.437342
1.57854
0.239583
1.64244
0.662071
1.64637
2.07711
1.62326
1.27554
1.54101
0.713193
1.39295
1.29318
1.3402
1.28063
1.56934
1.1278
0.070263
1.10288
1.40651
0.161457
0.78284
0.921372
1.25427
1.7609
1.38562
1.34049
1.38191
1.23999
0.798777
0.853571
1.32983
1.25129
1.66753
1.32515
1.44583
1.82791
1.1722
1.36383
0.705374
0.24912
1.30666
0.691107
3.17534
1.30077
0.515841
0.494298
1.00729
0.48257
1.05784
1.13575
0.274912
1.28937
1.15531
0.619641
0.584634
0.688755
0.959548
1.74592
1.05371
0.910527
1.25818
2.62753
1.06765
2.48952
1.0172
2.62533
0.675072
1.10638
1.00924
0.505247
0.453383
1.66392
2.61846
1.19245
1.08273
1.03038
0.265996
1.04224
1.06958
1.12705
1.53139
0.455076
1.11096
1.49119
2.37657
0.500242
2.28346
0.353829
0.68903
0.314883
1.20708
2.69211
1.15707
1.7847
1.83732
1.22566
1.55562
1.65012
1.85078
1.93164
0.505853
1.5331
1.21861
1.05592
0.91609
0.606567
1.59726
2.36094
1.09021
0.419068
1.40481
1.17617
0.558788
0.951589
0.768021
0.778526
1.03235
1.23457
2.12751
1.6552
1.60047
0.702703
0.405138
0.609034
0.738202
2.32811
1.95353
1.14179
1.35904
1.35313
1.22547
1.26249
0.659937
0.564876
1.02709
2.08164
1.89525
0.579512
0.492928
1.12536
1.37097
1.57448
0.573624
0.949534
2.8089
2.20549
2.02545
0.551954
1.04318
0.876791
1.4622
1.26905
0.718295
1.91032
1.06316
0.268807
1.59186
0.787807
1.48502
1.07632
1.99148
0.962633
0.296846
2.88068
0.837587
0.849803
2.57603
1.08679
1.20824
2.38703
1.49563
0.412915
2.15145
1.3869
0.885494
1.01745
1.38969
1.33514
2.48529
0.428044
1.44964
0.345177
1.13738
0.857799
1.33492
0.788164
0.602858
1.3374
0.615724
1.92743
1.73522
1.59162
1.30037
1.80639
0.818583
1.83587
0.512019
0.858807
2.60012
0.826949
1.25449
0.686132
0.642144
0.926413
2.23608
0.978883
0.328208
1.39274
0.727125
0.334661
0.976972
1.18019
1.7929
1.66261
0.608051
1.26768
0.857977
2.32576
0.388947
2.10221
0.405332
1.25939
0.553179
0.69487
1.07137
1.26018
0.941018
0.613147
1.62241
0.7042
0.975839
1.55483
1.4108
1.1119
1.40488
1.35474
1.07889
1.44571
2.32374
1.50878
1.57233
2.28228
0.556821
0.257954
1.61109
0.988738
1.33795
1.75211
0.731689
0.567318
0.43836
1.23956
1.44142
1.32265
0.867152
0.763309
1.05181
1.20498
1.38797
0.174107
0.471065
1.33466
0.972402
1.02738
0.362335
0.50416
0.782851
0.344977
1.55095
0.557486
0.592314
1.72103
0.796247
0.171911
3.18252
0.612087
1.63345
1.59965
0.811967
0.615304
0.891131
0.723834
0.77255
1.15702
1.98298
0.169173
1.75231
1.7649
1.68647
2.64951
2.12165
2.45612
1.13208
1.97168
1.06846
3.486
1.58612
0.643638
1.1209
2.43366
0.855176
1.21927
2.83376
1.88583
1.20076
1.0982
1.42811
1.05332
0.16219
1.66134
0.890429
1.09024
0.871712
0.75009
0.431492
2.73566
1.81468
1.61868
2.57029
3.84147
0.499378
1.47926
0.213586
2.32679
3.14418
0.834463
1.60573
0.681957
1.45002
0.980566
0.823956
1.79172
1.23247
1.65757
1.4714
3.4008
0.544165
0.729309
0.608491
1.2518
1.77735
1.00521
2.02556
1.52813
1.46555
1.3436
0.755742
1.28342
2.84003
1.54658
1.79933
1.45599
0.159152
1.37207
1.07505
1.08036
0.907732
2.63534
1.05063
1.3205
0.867386
0.761235
1.20219
0.854913
0.157607
1.76977
0.223071
0.306769
1.77115
1.61003
1.20747
0.839687
1.47271
1.57899
2.63089
0.980257
1.25203
2.05305
1.76152
0.264573
1.60765
0.764647
1.78598
2.15403
0.458898
0.902175
0.660979
1.45216
1.02842
1.08721
0.129389
2.43046
0.982726
1.81334
0.610951
2.10474
0.959852
0.314327
0.988645
0.777232
1.353
1.72344
1.47112
0.387506
2.2772
1.46768
1.5587
1.22351
2.90461
0.904088
0.973509
0.452631
1.3908
0.975867
2.31126
1.62318
1.63792
0.555762
1.10736
0.740035
1.2022
2.01281
1.46155
2.26018
1.59138
2.90312
1.75851
1.71259
1.22435
0.224574
1.6283
1.00972
1.17911
1.21485
1.42239
0.868686
1.54222
1.02213
0.8278
0.508259
0.247048
1.3282
1.26491
2.08017
2.06037
1.01934
1.02969
0.775845
1.34462
3.18533
0.91047
0.782603
1.12336
1.24973
1.79593
0.832212
1.7713
1.39381
0.557795
1.80428
0.999295
1.78449
0.577814
2.05921
2.15914
1.99291
0.985186
1.20896
0.34846
0.228255
0.877186
0.770385
0.826938
0.834093
0.176205
0.990743
1.00812
1.47395
1.50459
0.718849
0.567038
0.881339
1.88161
1.631
2.36536
2.33949
0.262526
1.12355
1.96678
0.552493
1.13322
2.39023
0.888554
1.29416
0.302539
1.65389
0.773026
0.81586
2.2658
1.21819
0.61098
1.96073
1.18578
0.46489
0.620686
1.07551
1.13606
1.80617
1.26525
0.963208
0.927495
1.37552
1.31746
0.529588
1.63239
1.86724
1.8538
1.74995
0.635139
0.401774
0.571658
0.291196
1.45387
0.826292
0.961772
0.84597
0.847487
1.75717
1.4719
0.382583
1.21255
2.12929
0.547956
2.24301
1.04089
0.775116
2.67274
1.26225
0.782381
0.994326
1.89596
0.957933
1.53707
0.253374
0.958263
1.08287
1.64305
0.878951
0.693852
0.40928
2.36361
1.34374
0.393724
1.34785
2.18934
1.87163
1.12706
1.75722
1.36687
1.65532
1.9769
1.08176
1.10429
1.27253
0.579184
0.709902
0.669689
2.2149
1.80817
0.472558
1.35109
0.712587
1.70055
1.14162
1.4369
1.18905
1.06413
1.33157
0.966741
0.410177
0.857005
1.41153
1.30138
1.67488
1.89449
0.681636
3.37532
1.88914
1.20728
1.09918
2.02471
0.562505
2.2202
1.69387
0.745346
1.39393
0.73693
0.530394
0.669244
0.91007
0.401485
1.53518
1.37535
2.08215
1.49121
0.904912
0.488497
1.9099
1.09736
3.16511
0.638057
0.823303
1.70346
1.45488
1.08163
2.5581
0.203606
2.5433
1.58509
0.685687
1.90981
1.28716
1.08228
0.566673
0.388289
1.01151
1.68413
2.89917
1.04107
0.78224
1.26707
1.52906
0.542476
1.94236
2.91951
1.49902
1.98734
2.76966
0.561333
1.46725
0.57253
2.17242
1.39753
1.79266
1.13379
1.95312
1.08708
1.28484
0.354635
1.74472
1.24646
1.79882
1.64853
1.81
0.81246
0.674562
0.687234
3.62638
0.94583
0.989195
0.36097
0.562121
0.730534
0.716674
0.784734
0.59511
0.680898
1.86818
0.958816
1.59092
0.928394
1.72261
0.83851
0.864804
0.775314
0.549507
0.719762
0.350656
1.15194
1.60183
3.16449
0.77021
0.129183
1.31318
1.58658
0.903553
1.99291
0.284087
1.88124
1.58448
1.13009
0.427564
0.394926
0.51192
1.03332
0.79627
0.813097
0.819315
1.92201
1.32172
1.15935
0.295467
0.146744
1.56462
1.75099
1.85588
0.284833
1.42848
3.49534
1.24042
2.74396
1.486
1.6406
1.2587
1.85409
1.41605
0.948015
0.743622
0.995649
2.23835
0.343708
1.96554
1.01101
1.67954
0.224366
1.57267
1.73361
0.922777
0.882962
0.467416
1.56834
0.604284
1.26372
0.664388
1.7628
1.23254
1.84066
2.02776
2.43177
1.24834
1.87483
2.98804
1.84547
1.90733
0.760634
1.56523
0.571737
0.65482
0.481271
1.25168
1.56982
0.837358
1.15558
2.02518
0.262702
1.52469
2.00203
1.31733
0.641734
0.43973
0.708512
0.806757
2.47016
0.971113
0.762756
1.24788
1.33148
1.95357
1.10724
2.40517
0.568654
0.839146
2.29348
1.5273
0.972384
0.881821
3.25891
0.940642
1.18997
0.486036
1.66379
0.489772
1.03066
1.6152
0.812689
2.56051
1.83596
1.13477
0.410484
1.45004
0.573553
1.68554
0.486526
0.274996
2.0916
2.76381
0.861791
0.427855
3.00332
1.80218
1.40465
0.392121
1.2224
0.665049
1.12493
1.72469
0.721909
0.664946
1.76596
1.63263
2.37962
2.3191
2.24845
0.987241
1.16377
1.71124
0.780015
2.64825
1.61689
1.18897
0.990022
1.92646
1.33838
0.562742
0.93561
0.294592
0.0496958
1.23277
2.6911
0.34787
0.422116
0.999895
0.966821
0.216077
0.702272
0.448674
1.69991
1.3528
1.51512
0.976199
1.63988
2.65323
1.65906
1.31777
0.178607
0.0615111
0.069646
1.00218
1.51262
1.49089
0.75075
1.86489
0.334783
1.91785
1.77845
1.12014
1.52033
2.5027
1.97537
0.897459
1.94246
1.50799
2.67656
1.02158
0.608988
2.69032
0.639701
2.03214
2.25394
0.843857
1.77611
0.35951
1.63419
1.95819
2.05993
1.27334
1.61161
1.78887
0.835855
2.21368
0.879151
1.36007
1.28159
1.05502
1.61272
1.11551
0.637953
0.81868
1.9363
0.0985238
2.28981
0.425511
1.72871
1.94196
2.62962
0.902102
0.862589
1.32499
1.44049
0.929529
1.3076
2.35328
1.96972
1.47847
1.43176
2.2304
1.2365
0.764924
0.694274
1.33703
1.16215
1.02199
1.38728
1.46035
0.900776
2.20189
0.615403
0.305339
2.30316
0.661975
2.43118
0.646618
0.570664
1.00378
0.221492
0.800794
2.58506
0.245979
1.26564
1.06988
2.26343
1.10415
0.498083
0.869101
0.659041
1.5906
1.61752
1.76075
1.73009
0.891549
1.65845
0.930195
0.585039
3.08102
0.404232
2.1054
1.1128
0.359536
1.44543
3.47154
0.136123
2.3504
1.26291
1.03427
0.776156
2.53226
1.07726
0.860909
3.27677
0.179025
1.11153
0.476661
2.26374
1.66199
0.470735
1.19763
1.28259
1.28931
2.42371
0.588754
0.961257
1.09083
0.241182
0.699867
0.384093
1.33441
2.03791
1.29635
1.89262
1.13962
1.40594
1.26507
0.865987
1.69866
1.34819
0.56594
0.849422
1.25862
2.10041
1.37989
0.602679
0.595921
0.265698
1.06203
1.73925
0.168004
3.28321
1.82871
0.473287
1.45543
1.12282
1.80887
0.835003
1.42837
0.631305
1.40922
1.46087
2.01205
1.31168
2.17588
1.88845
1.52351
2.14122
1.43999
1.09093
0.8392
0.983031
0.903196
1.17517
1.14646
1.59723
0.54546
1.31778
1.61867
0.867814
2.66935
0.96388
0.69884
1.10196
0.971295
0.471627
2.52385
1.00605
0.37947
0.153767
1.90988
1.63934
1.31758
1.49315
1.32755
0.833035
1.46526
0.309753
2.22592
0.930527
1.23362
1.77774
1.16883
0.741865
0.840388
1.84427
0.504543
1.81247
1.31347
0.306552
2.10807
2.27817
1.60234
1.45486
0.367682
1.86529
1.57232
0.935077
1.78785
0.822458
1.26138
2.61582
0.578548
1.01795
0.534613
0.471453
0.777967
0.250927
0.533932
1.47767
0.296792
0.79472
1.63437
0.653316
0.421007
0.0229342
1.10713
1.41963
1.91373
0.880168
0.799172
0.627472
1.12971
0.668102
2.29196
1.14884
2.88005
0.796066
2.68354
0.118098
1.35619
2.31673
1.11949
2.60981
1.7931
3.10902
1.52008
1.99069
2.1961
0.575544
1.18505
1.31226
0.998701
0.890067
0.888263
1.00571
0.524085
1.60219
0.880162
1.53829
1.43644
1.15792
2.50907
2.83918
1.29062
0.811611
0.857241
1.50181
1.46318
0.249385
1.47588
2.38541
0.75397
1.52006
1.45648
2.67254
1.39744
0.810644
1.25327
1.58543
0.888405
0.938815
2.65633
1.64608
1.1509
2.70354
1.59487
1.34027
0.736947
1.92784
1.31052
1.47987
0.503237
0.99683
0.633902
0.809479
1.24225
1.70866
1.93961
0.930964
1.15147
0.513129
1.00481
0.908042
0.932091
0.857812
1.86048
0.688263
1.03298
0.481104
0.652868
0.396544
1.68642
0.561296
0.918005
1.35711
1.46167
0.823987
0.568794
0.891216
2.04814
1.35289
1.10685
1.3605
1.79365
0.670427
1.474
0.560386
2.20759
0.924491
0.912451
1.18732
1.98419
0.442348
1.66892
1.63383
0.369864
2.2688
0.849892
0.70223
1.49253
1.21502
0.992481
0.513564
0.849505
1.93072
0.969544
1.85835
0.731902
1.12116
3.3864
0.202145
1.11201
1.24712
2.8448
1.7849
2.02745
1.10364
2.4481
0.562912
0.683504
2.27718
1.02124
0.9934
0.846508
0.779527
1.17369
2.66157
1.39604
1.70542
1.48329
3.12189
1.01094
1.92169
0.632646
1.53753
1.82385
1.51047
1.10707
1.47972
1.26847
1.05148
1.44501
1.62998
1.10516
0.514917
1.99549
1.14727
2.93673
0.302813
1.12755
1.52008
1.78983
1.56168
0.733099
0.654322
1.75927
1.61709
2.19613
0.591787
1.91278
1.03297
1.41913
1.87152
2.02635
1.41296
1.73529
0.373567
0.287215
0.805542
1.24022
1.5509
1.88881
1.34608
0.584447
0.704333
2.01187
1.41141
1.01151
1.66061
2.55021
0.828418
1.27473
1.38175
0.512123
1.38806
1.93198
0.909998
1.10952
0.359622
0.88864
0.979421
1.12025
0.380352
1.37458
0.962533
2.06703
0.270614
1.79987
1.97514
1.35733
1.18535
1.85929
2.01244
2.94709
2.00005
2.25188
0.481636
1.77765
2.59504
1.18305
1.98082
0.220265
0.973408
1.0622
1.90661
0.673846
0.517515
1.55425
2.31158
2.01662
0.699902
1.64587
0.473398
1.84208
1.05531
0.867262
3.27871
0.983452
0.638823
0.370226
1.18267
1.17955
0.0313902
1.11853
0.701346
0.622868
0.174558
1.32468
1.84289
1.23264
0.69116
2.23392
0.956744
0.291639
2.32256
1.30652
0.886095
1.14086
0.676773
1.82097
2.00982
0.310029
0.985685
1.46843
0.279336
1.1946
2.81081
1.93997
1.43726
2.04228
1.46216
2.55251
1.13472
0.54522
2.49889
1.19875
1.35255
1.48174
1.12618
1.23555
1.09586
2.05949
2.02719
0.412405
1.29911
0.312479
1.62093
1.5611
1.68469
0.839037
1.33778
0.824216
1.18855
0.953611
0.347752
2.16551
2.34553
2.56657
1.04336
1.91453
1.05597
0.249604
1.4422
1.64625
0.673921
0.947142
1.64306
2.44979
1.20479
0.417473
0.659189
1.65342
1.39745
1.4076
0.568904
0.651704
1.41956
1.81754
1.20661
1.66898
1.56656
1.50043
1.2513
1.59327
1.36633
1.61418
0.336583
2.03107
1.71247
0.149083
1.06834
3.31772
1.26324
1.00628
0.316037
0.59498
1.75516
0.732726
1.51519
0.457571
2.2156
0.86142
1.23726
1.31295
1.36544
2.14977
1.78306
0.317364
1.13565
1.23513
1.90389
2.2009
0.546434
1.21205
0.214305
1.56479
0.89058
2.00017
0.452611
0.0713296
2.15334
2.16818
1.40835
0.813551
1.10125
0.73283
2.11658
1.82574
1.16518
2.0306
1.12741
1.06818
1.81826
1.88183
0.110191
1.69784
0.62018
1.24654
0.0675098
0.264037
0.963932
1.34159
0.666252
1.22508
1.172
0.183056
0.557896
1.59426
0.759754
1.26865
1.56204
0.386561
1.40569
1.33087
0.714753
1.07496
0.726277
1.03703
0.713879
0.325753
0.206392
1.52572
1.35149
1.56017
0.597472
1.48051
2.47048
2.41643
2.05387
1.12645
2.0003
1.89932
2.56925
1.02047
0.329294
1.30999
2.4627
1.45101
0.824646
1.16632
1.07593
1.14119
1.07695
0.723342
2.0358
1.08067
2.69597
0.596241
2.49912
0.855502
1.51309
1.24205
0.33142
1.79777
0.564156
1.23411
2.26274
1.37035
1.90351
1.84295
1.78831
0.996862
0.25356
0.727338
1.16003
1.04597
1.02011
0.60025
0.878024
1.52991
0.542432
1.35396
1.40359
2.73549
0.507864
1.3942
1.08669
0.853976
0.891701
1.55712
0.924709
0.79598
0.769352
1.29205
1.84791
1.40948
1.05969
0.608462
0.474023
0.4153
2.68941
0.561478
1.2073
1.6351
1.26685
0.453453
1.31434
1.13665
0.484602
1.30204
1.36354
1.8655
1.67902
0.700118
1.78665
1.054
1.34623
0.914011
0.454236
1.17513
1.146
1.58256
1.13971
0.93825
2.49248
1.79713
1.36181
0.275106
1.07869
0.389362
0.836761
0.785694
1.51852
1.95255
2.0889
1.39548
0.503303
0.925308
0.876326
1.66661
2.10561
1.05917
0.595428
1.38304
0.881219
1.33008
1.88129
1.38036
1.32023
0.392417
1.16608
1.40293
1.01208
2.75275
1.26576
1.8248
0.520753
1.43091
1.26082
0.326335
1.75108
1.24712
0.871058
1.2151
1.19465
1.12895
1.7347
1.89187
0.841744
2.60565
1.15417
0.553205
0.509942
1.72235
2.51783
1.17919
2.70245
1.39856
0.760142
1.53099
1.59
0.521
3.15005
0.513228
1.51532
1.58954
0.651039
1.27589
0.979051
0.891059
1.90282
1.32807
1.19057
1.8717
1.47847
1.36866
1.67121
2.12201
1.69782
0.69084
1.264
1.25807
1.04848
0.60326
1.74695
0.406777
1.05284
0.826675
1.77263
1.57269
2.80677
0.763429
0.718992
1.54349
1.29953
1.16248
2.05852
2.0037
0.0296913
1.80989
0.42293
1.14373
2.06859
0.752307
0.757286
0.248925
1.52917
0.11403
1.17698
0.434885
2.80642
1.12594
1.36002
0.217812
2.13253
2.35035
0.566275
2.2415
1.01403
2.62851
1.29844
1.58228
0.641089
1.58328
0.920368
1.07315
2.27944
0.777178
1.77929
1.0262
1.18747
1.3972
1.05736
0.348918
1.37981
0.565016
0.12169
1.30883
0.372867
0.656195
0.586258
0.887837
1.56579
0.796222
2.6351
0.556925
1.16446
0.306509
0.713024
2.31936
2.56876
2.15669
1.06581
1.03264
1.06492
0.694519
1.64249
1.64011
1.34025
1.71783
1.5631
1.78195
0.781554
0.322187
0.201407
2.41783
2.38498
0.805081
1.22888
1.86857
1.19005
0.494737
0.99035
0.959086
0.7781
1.26717
1.24833
1.58984
0.760413
1.79594
0.594476
1.76454
0.467921
2.07612
0.439079
1.24874
0.512347
1.83216
1.51609
1.23081
0.986465
1.47121
2.23974
1.67667
0.2845
0.506426
0.983446
1.11466
1.04857
1.41529
0.627083
1.34882
1.94862
1.49866
1.48308
0.863288
1.40343
1.53103
0.735494
1.54034
1.56142
0.256319
1.20269
1.11205
1.1804
1.37081
1.02513
0.542165
0.864994
1.31645
2.89948
0.827737
1.56451
2.19326
0.87956
0.448292
1.2454
2.59157
0.31434
0.913815
0.447786
0.376539
0.419938
1.14688
0.487152
2.15521
1.46332
0.928924
1.36683
0.249134
1.97636
0.996676
1.32105
0.381556
0.787949
0.420038
0.395359
0.205761
0.112243
3.56096
1.64357
2.34659
0.119491
0.479106
0.212551
0.562152
0.800722
0.11592
0.535015
1.2831
1.69041
1.00543
2.16725
1.4729
1.54207
1.82929
2.70376
1.24009
0.227819
1.75628
0.20359
1.23579
1.36141
1.44555
0.852879
1.08811
1.90234
2.15198
1.64178
1.45865
2.07706
0.64457
1.2687
0.527448
1.5834
1.46505
1.32773
2.34514
0.208661
1.89661
0.257732
2.25203
1.69273
1.27177
1.94521
0.847414
1.03127
1.24448
2.23847
1.4171
1.14413
2.20439
1.12372
1.22088
1.7286
0.105009
0.849417
1.0721
0.502317
0.921676
1.60911
1.27955
1.60191
2.87218
2.25142
1.67298
0.668573
0.742277
2.48731
0.397718
0.965676
1.9761
1.15888
0.511646
0.844093
0.227831
1.28265
0.591713
1.90408
2.55774
0.455481
1.57516
1.05401
1.31001
1.6846
0.19696
1.33147
1.02121
0.338619
1.57647
1.40444
1.24555
1.57359
1.72331
1.00846
1.46364
1.51746
0.565592
1.61084
1.86749
1.5914
1.58637
1.40364
1.65824
1.5668
0.699528
0.775872
2.19177
1.58591
1.29567
1.66215
2.65025
0.257835
0.71085
1.91969
1.33684
0.191949
1.97062
1.2327
0.369432
1.2455
0.459402
2.80406
0.865096
1.27948
1.26365
0.888466
1.62475
1.11608
1.36794
1.19435
0.067802
1.2788
2.62584
3.21124
1.9268
2.14212
2.05343
0.62397
0.400049
1.03915
1.96467
0.786352
0.834117
1.64686
3.11594
1.1044
0.654122
0.905937
0.356989
0.63048
0.660264
1.84571
1.63731
2.45213
1.66139
1.18116
0.951978
2.01799
0.777075
1.11359
2.56567
2.4773
0.412974
1.15176
1.00215
2.09163
1.21289
2.03067
1.5778
1.18359
1.61069
1.74084
2.14335
1.71969
2.36944
1.63172
0.644119
2.24032
0.6453
2.09106
1.06841
0.710828
0.999146
0.860151
1.91076
0.739888
0.892198
2.18334
1.75062
2.52746
1.34505
2.74317
1.6517
2.15912
1.59275
0.171631
1.24658
2.27705
1.43703
1.2977
1.50452
3.45154
1.24288
1.82721
0.940989
0.29694
1.82766
0.575976
1.79164
0.822049
2.71697
1.57656
3.41708
0.81237
0.918026
1.89426
0.858586
0.523989
1.65399
2.20796
0.355817
1.14679
1.80029
2.06095
2.40134
0.578971
1.03115
1.24733
1.63352
1.13923
0.921733
1.40861
1.62037
1.07734
0.902296
1.38587
0.610802
1.46874
1.42996
1.22798
0.806033
2.55513
1.36097
2.11555
0.358909
1.58854
1.90723
0.856508
1.75992
1.36549
1.42985
1.19986
0.922776
1.38577
0.670817
2.41771
1.67133
0.353165
1.81755
2.13232
0.775478
1.62126
1.04492
0.388132
0.763595
1.85539
0.644835
1.98287
2.6923
1.5002
1.2423
0.920629
1.54526
1.71127
1.33638
1.72685
0.437288
0.849886
2.04363
1.23387
1.64388
2.22187
1.38848
1.18924
1.53952
2.1636
0.975239
0.351945
1.20182
0.420825
1.29252
1.18499
1.04969
0.747035
1.93583
1.40363
0.90016
0.681282
1.23307
0.618238
0.723113
1.15246
1.97497
0.123652
1.02539
3.63163
1.77625
0.702526
0.896544
0.685132
1.12847
0.827236
0.651193
1.43221
0.581951
0.334253
2.61801
1.41841
1.46506
2.31138
1.80706
0.695721
0.894439
0.97721
2.04704
0.199902
2.79656
0.973227
2.85505
1.59538
0.270793
0.742083
1.02176
1.43228
0.6701
1.26038
1.49416
1.71536
0.378215
1.22605
0.971566
1.11474
1.76469
0.546711
2.11247
0.127623
0.717207
1.1003
0.758969
1.63033
2.16089
0.736087
1.50278
0.903804
1.49701
1.75157
1.70087
2.22366
1.5438
0.697336
1.15308
0.330349
0.283624
0.528355
1.99763
2.51625
1.05669
0.630435
1.81419
1.44095
1.16782
2.43744
4.09676
2.01272
0.43681
0.109715
1.53248
1.26322
0.243929
1.30908
0.810641
0.0854242
0.224154
1.73442
0.558859
0.724244
0.456842
1.96923
0.314979
1.37175
1.58304
2.59703
1.62806
0.694585
0.953113
2.40426
0.659426
0.660188
1.25527
0.961962
1.81783
0.988108
0.17881
0.865597
3.05371
0.371252
1.51186
0.689888
2.39798
0.290601
1.59389
1.54694
0.491193
1.57024
0.737207
1.16899
3.34808
1.03209
1.30214
0.362971
1.95307
0.642881
1.42141
1.24878
0.307086
1.74616
1.31671
1.17434
1.03315
0.70533
1.03841
0.642404
1.18978
0.949223
1.49718
0.359489
1.10908
1.36321
0.966159
2.56723
1.84669
2.66146
0.216487
1.2455
0.653316
0.880946
0.628967
1.40095
1.80134
0.99785
0.748505
1.62375
2.42273
0.849373
0.476181
2.39903
1.14408
0.942668
2.41668
0.910909
0.641632
1.78534
0.822361
1.41525
2.5776
1.79163
1.50159
2.62264
0.870255
1.40095
1.01513
0.507902
0.830193
0.538613
0.717884
0.905081
0.26635
0.686474
1.136
1.33955
0.172448
1.17329
0.783818
1.49292
2.00111
2.2619
1.04777
1.24838
0.4834
0.597478
0.779532
2.03302
0.800569
0.297188
1.61896
0.618255
1.87959
1.16889
0.840257
0.399383
1.64466
0.184388
0.404113
1.78088
2.04102
2.09883
0.977674
0.833299
2.38155
0.26359
1.53613
0.145725
2.1997
1.74193
3.27221
1.6594
0.892949
0.445202
1.73473
0.816312
1.47265
0.989979
0.697356
0.580179
1.27962
0.623234
0.846026
1.09345
0.89561
1.59206
1.26297
2.28814
1.06379
0.673959
0.962435
1.39444
0.677348
0.968571
0.650319
1.1677
2.13676
1.66983
1.03568
0.721323
1.85471
1.93167
1.00191
0.986822
1.23462
0.299021
2.11439
2.11977
0.579592
1.14729
1.62241
0.498182
0.494452
0.757076
1.32028
0.684478
0.677997
1.90211
2.33398
1.05574
1.78424
1.04741
1.91739
0.443717
0.378017
1.67111
1.51051
0.937014
0.780332
0.595065
1.04884
0.663267
1.69147
0.567658
0.599215
0.889061
1.22533
0.831086
2.05061
0.85546
1.61898
0.704166
0.473877
0.968019
1.01001
0.427608
0.344402
1.71614
0.483071
1.25779
1.39149
1.52149
1.10446
0.783079
0.799507
1.16102
1.57221
0.0308183
0.415092
0.842951
1.22375
0.555144
1.22142
1.09284
1.93284
1.78607
0.524437
0.576679
1.0299
1.78326
0.934978
1.60018
1.29763
3.07916
1.64149
1.54423
1.37667
1.09637
0.70082
1.51042
1.76874
1.64125
0.83506
0.672659
0.843526
1.6475
1.24869
1.17749
0.652699
1.51942
0.983193
2.2834
0.783074
0.834403
0.401081
1.60286
1.81463
1.76419
1.49417
0.494385
0.833316
1.15349
1.97711
1.0244
1.31565
1.68684
2.94919
1.2817
1.64227
1.04072
2.51117
1.47968
0.846151
1.19131
1.20545
0.511786
0.483527
1.36933
1.949
1.02266
1.00156
0.672546
0.87467
0.796545
0.626803
1.02078
0.865583
0.626717
1.33743
0.986958
0.922616
1.37289
1.36637
1.97104
1.61284
1.33266
2.05519
0.235524
2.13255
0.832417
0.503085
1.2581
1.85501
1.06021
1.46086
0.873267
1.00162
2.18773
2.40915
0.439192
1.32215
0.528735
0.865701
1.80471
0.976347
0.983075
1.14359
0.917011
1.08005
0.308147
0.692047
2.44882
0.303545
0.565028
0.739271
2.01225
0.683901
2.17838
1.19927
2.54762
1.01981
1.22066
1.50362
0.544782
0.342625
1.08043
0.601099
1.52373
2.83471
2.46279
1.43783
2.11212
0.228006
1.11175
2.5236
2.1738
0.806993
1.26644
1.79758
0.548613
1.53137
0.797841
1.25728
1.14091
1.73296
0.666884
1.10913
0.481906
0.931855
0.263684
1.76116
0.51805
0.275185
1.6724
1.42565
2.19937
0.874175
1.88602
0.694667
1.46396
1.37378
2.05713
0.909304
2.33857
1.11561
3.62671
0.377953
1.80847
0.542194
2.04461
0.859945
0.832255
3.11156
0.423347
2.14133
1.89233
1.61503
0.97073
0.971768
1.65745
1.4865
1.57772
1.35844
1.49754
1.16067
0.880941
1.46448
0.71577
2.28329
0.608361
0.559875
1.55251
2.93778
0.214654
2.22782
1.18282
1.39186
0.598597
1.63359
0.728588
0.973612
1.89877
0.961161
1.19169
1.55491
1.29198
1.60117
1.37757
0.507643
1.34148
0.771169
0.898651
1.56105
0.778088
1.38169
0.611452
2.14625
0.403678
1.13126
0.401812
2.29817
1.09988
1.95232
0.992726
1.42743
2.17047
1.15308
1.24213
1.17743
2.14001
0.512656
0.624492
1.01804
1.08159
0.520597
2.70584
0.717807
0.890888
0.578934
0.599761
0.639347
2.68814
1.41626
1.39251
1.43805
0.666136
0.28078
1.5011
1.46779
0.967946
1.32711
0.670795
0.922704
0.921727
1.63195
0.660702
1.28392
0.790376
0.77752
1.30683
1.60031
1.61797
0.495789
0.566769
0.643861
1.1063
1.09746
0.636468
2.05234
1.58829
0.694407
1.63472
0.747928
0.686969
1.71739
1.57716
1.80271
2.03385
1.15809
1.27183
0.0352949
2.67582
1.70603
1.32217
0.610371
0.849245
1.90615
1.3308
1.28486
1.8521
0.894586
0.789345
0.885478
2.07725
1.70585
0.914097
2.22213
0.418739
0.825938
0.831146
0.636945
2.02968
1.69673
1.90241
1.63239
0.622374
1.01607
0.216707
2.85489
1.7141
0.321833
1.37545
2.10162
0.749631
0.225093
0.893518
0.140869
0.132223
0.684823
1.22257
1.72015
1.03464
0.611988
1.11177
1.53475
0.718992
0.873488
0.815261
1.07191
1.41472
1.96717
0.978381
1.189
1.72003
0.743326
0.956826
1.49807
0.71419
1.47268
1.2137
1.04255
0.532315
0.541658
1.77148
0.699806
0.560241
1.65324
2.6099
1.01496
3.02193
1.53744
0.484411
0.97377
1.48763
1.83701
1.06596
1.86736
1.77213
0.899024
0.61088
1.68183
1.2089
0.481595
1.12315
0.460071
1.59418
2.12017
0.0721247
1.38537
1.9147
2.16748
2.49847
1.79293
1.18084
0.698269
0.901672
0.725034
2.91691
1.3063
2.20036
0.813275
1.12774
1.02547
0.837133
0.736744
0.854717
1.9263
0.479382
0.833776
0.336503
0.796289
0.987697
0.532907
2.1408
2.18327
0.511146
1.43398
1.54248
2.02376
1.51903
0.147495
1.66879
1.19047
1.49577
1.46543
0.0345418
2.15584
1.4702
0.481849
0.989874
0.806156
2.39793
1.0109
1.56173
0.802025
1.51887
0.637081
0.463864
1.47056
1.00999
0.456151
1.54253
0.238904
1.22896
1.99225
0.803744
1.68871
2.56551
0.327145
1.95679
0.38308
0.675028
1.80001
1.88366
1.20655
0.355528
0.623645
1.61477
0.262639
1.18884
1.48
0.497181
0.616304
1.20888
2.70768
0.641454
1.84198
2.27863
0.462396
1.21575
0.448265
1.43963
1.42329
1.01025
0.647062
1.6248
1.22215
1.72835
0.253934
0.424316
0.428077
0.826868
0.533573
0.880252
2.17323
1.44374
1.13365
1.08022
0.931717
1.12661
1.3193
0.87794
0.98227
0.223471
0.567987
1.00005
1.63807
1.29148
1.55087
0.252068
2.35925
2.62924
1.58652
2.59469
1.40319
1.55934
1.88087
0.130769
1.38153
0.506247
0.6457
1.09061
0.47536
0.443976
1.36954
0.239181
2.30833
1.12477
0.361352
0.239475
1.52881
0.607824
1.9164
0.985423
0.436541
1.76664
2.16156
1.57293
1.20812
1.02574
0.321387
0.274019
1.76303
1.45677
1.17052
1.10315
0.80883
0.891145
0.884959
1.37204
0.590995
1.38032
0.59275
3.31101
1.70394
0.831207
2.39308
1.43085
0.760898
0.825708
2.19017
0.535236
0.466484
0.965622
0.481166
0.998193
2.32585
1.11603
1.85913
0.323773
1.07547
0.74597
0.0787219
0.623651
1.55597
0.59056
1.44406
2.5894
1.31319
1.86214
0.596875
1.38717
1.67074
0.902598
0.98265
1.24472
1.52841
1.72543
1.11265
1.68775
1.39591
0.553075
2.24838
0.495402
1.86097
1.201
1.15323
0.89082
2.28205
0.460817
0.849014
1.52035
0.272377
0.599014
0.341068
2.46079
1.3776
1.02598
1.46585
1.47289
1.59195
1.27462
1.35571
1.73047
0.428064
0.822938
0.777285
0.749664
1.35912
1.11587
2.57686
0.74931
0.255333
1.90996
0.653922
0.62728
1.8031
1.00584
0.930577
2.01752
1.45402
0.436801
0.302501
1.65424
0.570068
2.02061
1.02108
0.884479
1.22811
2.40709
2.13156
0.755625
1.48503
0.894092
0.199356
1.48146
0.627181
1.11954
1.94881
1.49539
0.605704
0.767308
1.45914
0.821256
0.846238
1.03601
0.557353
1.21293
0.286906
2.01892
2.49189
2.89155
1.71981
0.428877
2.54713
1.10439
1.18297
0.812574
0.450814
1.99436
1.5024
1.17107
1.98986
1.37234
2.17337
0.00511888
1.1791
0.924352
1.13712
0.919582
0.47391
0.7877
1.86887
0.918016
0.282016
1.07526
0.565878
0.843682
1.03385
2.31855
1.8672
1.25668
1.20575
0.967954
2.02984
0.49149
0.815276
1.69693
0.931053
0.288574
0.606892
1.27241
1.12265
2.255
1.19947
1.88303
0.929728
0.91689
0.453428
0.925433
1.53548
1.02991
0.981745
1.30436
1.06946
0.756745
1.71891
1.36718
0.933039
0.327762
0.236759
1.14969
0.235902
2.03902
0.992805
1.39883
0.279606
2.63603
1.53576
1.05354
0.363983
2.35875
1.47849
0.901656
0.541215
2.84713
1.78237
0.931136
1.12742
1.47479
0.571621
1.33238
0.667727
1.68143
1.63255
0.697284
0.581646
0.439023
0.800184
1.12467
1.19072
0.346657
2.15651
0.943948
1.84561
0.239579
0.429234
0.131936
1.09072
0.475428
0.625935
0.584
0.900702
2.18072
1.57446
1.56132
0.518604
1.97235
1.65868
1.55936
1.90668
0.860796
0.66864
1.35009
1.25642
0.818466
0.592174
2.91668
0.77627
0.965303
1.90599
1.86103
1.45509
0.83506
1.61462
1.60426
0.966767
1.36193
1.1896
0.563331
1.49471
0.510803
0.745026
0.633891
1.4679
1.60444
0.808716
0.961346
1.05122
2.11943
0.58361
2.40612
1.82695
3.29332
0.729838
1.50591
0.538408
0.45575
1.77489
2.02486
1.17842
1.63894
0.964743
0.926316
0.536448
1.05086
0.79498
1.36269
1.83636
2.65596
0.359784
0.733829
0.86322
0.397451
1.37226
0.670278
1.48567
0.214637
1.69311
1.84467
0.476574
1.01203
2.8669
2.01592
0.63284
1.10432
1.12834
1.07047
1.10027
1.89843
1.13655
1.55111
1.8803
0.533954
2.0119
1.72219
0.778131
0.817745
1.30126
0.927833
0.352064
0.063788
1.36686
1.96868
0.523593
0.925152
1.62385
1.32981
1.29468
1.00608
1.35993
0.349349
1.29557
1.18176
1.01372
1.33105
1.81921
1.89938
2.50981
1.70497
0.608179
0.21864
1.47865
1.42709
1.5623
1.23122
0.616261
1.42431
0.575398
2.34564
1.1621
1.06243
0.142228
1.47494
0.320652
1.16753
1.13082
0.210185
2.15273
0.244877
1.18075
0.854355
0.89343
0.757963
0.517028
1.07305
1.70137
0.541308
0.988165
2.24001
1.46997
1.39596
1.11449
1.98723
1.52634
1.49567
1.28957
1.2355
0.583082
0.600825
2.96383
0.21437
0.223861
1.12314
1.78752
0.37892
1.75148
1.30496
1.59336
1.15267
1.12283
1.96136
1.20872
2.60442
2.17495
0.961927
0.89689
1.86218
0.823261
1.69856
0.92959
1.07761
2.24543
0.629482
1.52059
1.05698
0.961626
0.211075
0.686941
0.690477
1.07964
0.878891
0.695323
1.77449
2.08295
1.56015
0.753927
0.456959
0.638622
0.633304
0.560328
2.51441
1.52234
0.353729
2.20549
0.976995
0.870456
1.17607
2.44599
1.05639
0.272628
0.963525
1.23392
1.37339
1.22217
1.82709
1.86432
0.98744
0.8559
1.56976
0.678572
1.88749
1.29955
0.470411
1.61493
0.212236
1.81361
0.940776
1.86507
1.98542
0.28289
1.41118
3.03223
0.470973
1.6071
2.00511
0.916638
2.17783
2.06703
1.41505
1.68986
0.964148
1.05489
1.24335
1.2744
1.99743
1.5479
3.1791
1.42442
1.51593
1.2485
1.98617
0.363139
1.84236
2.22636
2.10091
1.61134
0.154324
0.362652
1.5957
1.79984
1.57753
1.00677
1.42162
0.307387
0.3961
0.572112
0.435371
1.15694
2.53658
2.12017
0.672363
0.759877
1.94441
1.67774
0.00816254
2.27853
1.40506
2.02963
1.28879
2.49486
1.32725
1.04906
1.09107
1.39436
1.51166
1.28357
2.57722
1.8389
0.519958
0.431382
1.07191
0.408875
1.03548
0.717003
1.11357
2.07886
1.32974
2.33515
0.692058
2.29682
0.977178
1.87375
0.69731
2.86993
0.795467
1.16499
1.32095
2.82641
0.833608
1.03458
0.989479
1.60633
1.49191
0.55281
2.31411
0.659265
1.68864
0.0937364
1.3906
0.283761
2.14241
1.13742
1.60597
1.44171
0.62049
1.27521
1.72093
0.84725
2.3555
0.780425
0.936673
2.23802
1.13654
1.45989
3.03114
0.774919
2.00182
0.610404
0.344649
1.24597
1.02759
0.642058
0.60752
0.554093
0.99745
0.511118
1.03877
0.579489
2.55194
2.35035
1.7256
1.15066
0.511492
1.0294
1.38207
1.49409
1.12092
0.586045
1.24046
1.11119
0.524679
0.842364
0.738194
1.26757
1.53524
0.925742
0.328835
1.02016
1.00707
0.330826
1.28542
0.806334
1.18803
0.614702
0.723605
0.587112
0.567467
0.94104
0.581576
0.813979
0.858249
1.86642
1.62815
1.23826
1.413
2.59199
0.599186
0.902969
1.06491
0.671824
0.978113
0.567855
1.19598
0.951512
0.735102
1.23447
0.579151
1.31865
1.86221
1.97296
1.34801
1.5943
0.665732
0.986031
1.46017
0.325373
0.844921
0.929883
1.37945
2.56299
1.17642
0.643804
1.99213
1.74868
0.929441
1.44397
2.70018
1.6195
0.834296
1.55865
0.922695
1.43603
0.682791
0.416467
0.633496
0.212215
0.663452
1.05845
1.6291
1.56313
0.909153
2.66777
0.799944
1.57768
1.9253
0.590526
0.164098
1.28709
1.46522
2.70694
0.308183
0.695757
2.5817
1.75331
1.6218
1.70138
1.61407
1.16932
1.34036
1.53257
0.726466
0.89954
0.457401
0.363824
2.22901
0.355065
0.364053
2.89647
0.446229
1.51337
0.682128
0.72201
1.36694
1.469
0.533086
1.34432
1.62029
0.954838
1.55517
0.233733
0.983788
0.580341
2.27475
0.29107
1.18519
0.62208
1.09182
0.526034
0.285844
2.32652
2.57685
1.4428
1.83962
0.607709
0.686192
1.95556
1.62135
1.14909
0.869425
2.35017
1.46425
1.72756
0.489021
1.91492
0.0784104
1.56371
0.752119
1.05618
0.323497
0.293924
0.577
1.63559
1.77161
0.31623
1.42429
1.71734
1.82437
1.37484
1.43976
2.5161
0.744494
1.62884
1.38853
0.836618
1.16592
1.99939
2.58447
0.521073
2.43917
1.77244
1.8907
0.466191
2.33576
1.70152
0.804547
2.51439
1.28844
0.479761
2.16075
1.79169
1.04269
1.16597
0.898117
0.101994
0.434943
2.48608
0.371704
1.7698
1.38885
1.0439
1.16351
1.56648
1.51478
2.34192
1.11212
0.770794
0.470198
1.77116
0.809798
0.62773
1.04557
0.676176
0.504461
1.24085
1.61781
0.571991
1.64447
1.46048
0.359621
1.06246
2.39969
0.658988
1.89073
1.28261
0.793957
0.990915
1.12541
1.36979
0.815447
1.64523
0.983965
2.78635
0.235136
0.323262
0.231546
0.573934
0.602054
1.23342
1.49868
0.485672
0.683063
0.932307
1.32562
0.849781
0.979813
0.756657
1.39856
0.679229
0.608814
1.04752
1.09493
0.696363
0.89364
0.84099
0.307032
1.83452
1.80761
1.7131
1.43003
0.745605
1.08691
1.94243
0.598501
0.484864
1.47236
0.678672
1.63144
0.275397
2.48736
0.89424
0.839076
0.378209
1.11208
0.70515
0.596512
2.51953
2.9522
0.581159
1.29561
2.5489
0.751664
1.08266
2.51468
0.879902
0.0996634
0.870404
2.43894
1.02474
