Laplace_Number
-0.326664
-1.40009
0.0145184
0.248961
-0.916104
0.443743
1.02787
-1.42979
0.107514
-2.16347
-1.10817
1.34924
0.518651
2.40645
0.43264
-2.05067
-0.0536056
1.43366
-0.696824
3.41054
-2.79162
-0.701624
1.58984
-0.221677
-1.89832
-0.789637
0.0643147
0.102071
0.0462454
3.15567
-0.214942
-1.4224
-1.05289
-0.312629
-0.678386
-0.789883
-1.23405
-1.47006
-2.46095
-0.646704
-0.437475
0.942342
0.9631
1.67973
-1.48196
2.3318
0.709666
-0.0100064
0.932921
-1.59574
0.0071326
-0.731147
-0.0333676
-2.29659
0.0166994
-3.89225
3.39606
-3.60576
-1.45008
3.09251
-0.129774
1.7138
0.223878
3.91743
0.400281
0.083328
3.17558
2.21022
1.17028
-1.23811
-0.740033
0.379966
-0.231743
0.158108
1.28719
0.477098
-1.31297
-0.322001
-0.228185
-0.257169
-2.89484
-1.36141
-0.41168
-0.44914
-0.122461
2.5724
0.787856
1.62974
1.02342
1.99188
-1.04033
0.0378181
3.54928
0.312952
1.10498
-0.642772
0.554958
-0.0235705
-0.0866187
-0.553159
-0.954126
0.0371491
-0.826581
0.29481
0.0501869
1.05048
-0.272192
-1.06909
7.42766
-0.688875
0.00372567
1.57527
-1.94635
1.68162
-0.330309
0.0368121
2.1006
4.73464
-0.933891
-1.67333
1.00039
-0.410184
-0.516921
0.00828394
-0.00712836
-1.78437
-0.6156
-5.44078
0.289153
2.3424
0.946681
-1.39238
-0.382792
-0.026622
-1.61398
-1.44711
-0.712464
0.902056
1.49867
0.06553
1.47103
-5.30595
-0.852623
0.318397
0.604333
-1.75737
-0.355112
-0.252901
0.391754
0.116212
1.84508
0.705052
-0.0424835
0.142726
-0.426998
-0.656239
-1.89553
-2.73332
-0.519382
-1.67433
-1.09243
0.280166
-0.607564
-0.612708
-0.110985
0.313341
-0.530095
-3.60603
-0.00156982
1.86666
-1.69719
3.25149
-2.99586
0.845765
0.717937
0.206096
-1.81671
-0.619816
0.0191215
-0.136166
0.119911
-0.274484
1.57562
-0.555937
-0.407123
-0.37587
-0.813162
-0.380985
1.33036
-0.56021
-0.717882
3.68539
1.09122
0.251543
1.24748
0.0500679
1.08376
0.0374571
-4.7612
-0.295423
-0.0962529
-1.67809
0.142671
0.534264
-0.466988
-0.781616
3.02879
-3.7714
0.957834
0.100633
-0.444064
-0.506981
-1.95124
0.584435
0.320328
1.50823
0.788794
-1.70459
2.08051
-0.284598
0.14023
0.562045
0.876794
-0.0272045
-1.26565
-0.166127
0.220151
2.06982
2.6566
-0.341448
1.6692
-1.42325
-0.924396
0.590438
0.421842
-1.65898
-0.699957
0.916605
0.956191
0.311041
1.01161
0.423058
1.21407
0.568152
-0.42676
-1.45941
-2.86731
-2.10417
3.65735
-0.353943
-0.426114
-0.827917
-2.13276
0.861841
-1.36636
-2.40625
-3.73463
0.109965
-0.606245
0.347832
0.21865
-1.06664
-0.851507
1.47787
-0.022885
-1.66774
-2.09974
0.658064
3.88366
-2.207
-1.18151
-3.04203
2.32208
-1.90212
0.460226
0.908153
0.777798
-1.82363
2.34417
0.497212
-0.321268
2.48622
-2.26476
-1.0057
-0.865105
0.0832591
-0.341555
-0.221474
0.290326
-2.83939
-0.765485
-0.852993
1.32194
-0.520426
-0.442695
-2.20245
0.139502
1.53347
-0.692349
1.05831
-0.278833
-0.94978
0.79519
0.274565
-1.84951
1.20764
0.184193
0.15954
-0.968855
0.58298
0.558422
-4.39284
-0.172135
3.0123
-4.38182
-0.927966
0.306136
-0.563393
1.32017
-0.280758
1.30575
0.212669
-1.65031
0.0806238
0.0500112
-1.8323
-0.616373
-1.14037
0.922091
0.966781
0.0869993
-0.650051
-1.13192
1.65475
-0.358133
-0.174594
0.120525
0.227657
-1.36251
-1.3468
0.534433
-0.146987
1.00356
1.85134
0.328914
2.66959
1.20851
-8.18439
-0.93343
1.40433
0.0738183
0.503941
1.39012
-2.21972
0.144402
-0.580963
-0.317643
0.474502
-0.532768
0.674821
-0.419267
1.76093
-4.20973
1.43983
0.39679
0.565774
-0.408005
1.63146
-0.662712
0.415658
-1.26877
-1.02759
1.66068
-1.49058
1.43194
0.298204
0.826373
0.834905
0.524185
-1.48757
-0.601123
-0.888376
-0.770529
-1.22919
-0.115605
-1.09967
-1.36325
2.44392
-3.18074
-1.71014
0.355878
-1.89227
-0.896843
-0.759785
0.9041
2.09577
-2.62924
2.32733
-2.38279
-0.178476
0.819031
4.27154
0.620117
1.51716
-0.293528
-0.825194
0.693829
0.539643
-1.21815
-0.162007
-0.193756
1.38599
2.1047
-0.124114
1.35236
0.0709722
0.3769
-0.424546
-0.552241
-0.693937
-0.0357433
-0.309279
2.70886
0.165148
1.11315
-1.29336
0.296907
1.18245
-0.292044
-0.736726
0.470612
-1.49862
-0.547497
3.37312
1.33804
-3.08382
0.466942
-0.0902417
0.5867
-0.876512
1.84471
0.0838897
-0.239294
-0.897768
-0.202779
-2.1255
3.911
2.06683
2.39304
0.813831
-6.14779
-0.572637
-1.5023
-0.29258
1.69312
-1.06651
-1.56736
0.9574
2.1267
1.1197
1.30559
-1.49074
-1.13035
0.00722587
-2.36125
0.916612
-0.51058
-1.95385
-0.31156
-1.72354
-0.925168
-0.46712
-0.493759
-0.124164
-0.512553
0.317927
-0.592136
-2.33557
1.12969
-0.225383
1.27141
1.29588
1.49008
0.0915895
-1.22887
-2.28952
-0.599134
0.0802702
-1.95203
0.367659
0.308687
-0.326887
-0.800486
0.036216
1.27794
-0.465353
1.74989
-0.128908
-0.988301
-2.33155
0.952939
-0.943474
-1.31276
-1.55149
-0.245395
-1.42727
1.69919
-0.0207115
-0.468507
-0.431927
-2.2757
-3.98899
-1.65813
-0.715346
0.869341
-1.86591
-1.32088
-0.345342
0.127996
-0.218324
-0.00843194
1.59135
-0.466024
-0.746053
0.428656
0.282766
1.47786
-0.405655
0.122425
0.945328
-0.0491327
-1.17127
-0.12456
0.000174362
-1.21168
-0.988385
0.690185
-2.24321
-0.559459
0.236511
1.56383
-0.172226
1.0819
-2.67396
0.182868
-0.348942
0.737281
-2.02897
-0.587436
-0.0431979
0.203253
-0.833167
3.46812
0.179842
0.184922
-2.40605
0.0110203
0.672581
0.320197
-1.89382
0.230284
0.750474
-1.23477
0.528497
-0.436916
-0.740815
-1.8885
2.50058
1.73504
0.0199959
-0.45346
-0.537282
-0.0614774
-0.454056
1.12917
0.372971
-1.35992
-0.576069
1.56715
0.645999
4.66969
0.275222
0.488413
0.199624
0.0138881
1.67931
-0.107842
-1.84061
-0.835718
1.11018
-0.681953
-0.447868
2.16511
0.550095
-0.624256
0.365737
1.78349
-1.21884
0.311104
-5.43034
-3.002
1.05427
-1.6379
0.000785696
-0.509062
-0.65316
0.107258
-2.99106
-1.08278
-0.524238
0.0291408
0.0307115
-0.99725
1.02918
0.948764
0.456441
-0.5566
0.297759
-0.22818
-0.814695
-3.65824
-0.248698
0.10011
0.672061
-0.432073
-0.0903513
0.494596
0.678146
-0.303334
0.00553404
-0.118212
0.287896
0.34777
-0.162924
-0.0128625
0.407265
0.826912
-0.00703258
-0.568524
-0.851169
-0.025764
2.153
-0.949665
-0.558364
1.14684
-0.226108
2.33676
0.966675
0.267193
-2.50889
2.16139
0.462255
-0.922483
0.739324
-2.50493
5.14974
0.863982
0.295707
0.88538
-1.64943
-1.77294
-0.605207
1.39709
-0.160955
0.853741
-2.49914
-2.28857
-0.0596308
2.01838
1.3786
0.88018
0.791891
-0.951673
-1.56654
-0.804728
1.55506
0.637612
0.938105
0.0607715
-0.43128
-0.245099
2.06089
2.14885
-0.656064
1.05063
0.934738
0.0749615
3.71031
2.05325
-0.411428
-0.707361
-1.02132
-1.33754
-0.556174
-1.09249
-2.01519
2.24059
1.11478
-0.536913
-3.99672
-0.38433
-1.15232
1.24584
-1.78946
0.270738
-0.993284
2.52494
1.63296
-0.465553
-1.72876
-0.2143
-1.35789
1.69736
0.265732
3.10099
-0.0821751
0.10039
-1.66721
-0.982133
-0.409238
1.20699
-1.58548
-0.504735
-0.138967
-0.410161
-2.2148
0.728572
-3.71844
0.00724879
-1.79776
-0.614773
-0.297138
0.193467
-0.133406
0.483776
-1.15017
1.35055
0.743927
0.890954
-2.07795
0.958746
-1.443
-0.274673
-0.248859
0.108085
2.09589
-0.000627202
0.993957
-0.478678
-0.599111
-0.256684
-0.509837
-1.88669
-4.14026
0.0301083
-0.231181
-1.77087
-1.4632
-1.07322
3.23602
-0.815373
0.020608
0.133562
-0.453896
-0.182566
0.242899
-0.69214
0.757534
-0.671801
2.0192
0.625097
0.502865
0.535873
-0.432877
3.71526
-0.235411
0.863711
1.26868
2.26074
0.46474
0.823467
0.73836
-4.00676
-0.0825192
1.46831
1.77754
-3.48206
-3.46267
-1.90071
1.0081
0.816636
-0.635153
-0.127813
-0.0524415
-1.52405
-1.01966
1.31186
0.275173
-0.0117557
0.472871
-0.579541
-0.291989
0.716494
0.0234427
0.644063
-0.311076
1.59502
0.763786
2.18373
-0.132817
-0.404433
0.493152
1.28825
-1.13547
-0.0563923
-0.612606
-1.57761
-4.25565
0.934469
-1.28289
2.14349
-0.359752
3.11928
0.357017
-0.455442
-0.763199
-0.6975
0.240589
-0.274432
-0.0275234
-3.67239
0.123029
-0.551346
-0.795186
0.527853
-0.0865244
0.925356
-0.112595
-0.573305
-0.00522997
-0.808728
-1.06443
-1.00081
0.74711
1.56844
-1.43337
-0.583486
-1.09379
-0.0429043
-0.069056
-0.178914
1.57208
1.70262
0.827133
-0.254838
-0.88716
-0.212555
1.51157
0.031453
1.34392
-0.688019
-0.447266
-0.353011
0.893433
-0.99289
-0.153722
-0.0142933
-2.42511
0.360204
-0.423378
-2.17501
2.30169
-0.519801
1.88557
0.61833
-0.989777
0.804117
2.54194
1.57319
-3.6591
-1.60464
-0.598235
0.53379
-0.0884039
-0.560316
0.957821
-1.76184
0.188625
-0.228363
-1.00232
0.279364
-0.575946
0.0280725
-0.436823
-0.853419
-0.695742
-0.0766434
1.0896
-1.33826
1.42489
1.36197
-2.32328
-0.124669
-1.93587
-3.10038
-0.769933
2.61239
-0.424622
-0.39417
0.316865
1.28495
-0.940793
-0.708316
3.30983
1.88258
-2.59249
0.183564
0.655866
-2.67482
1.02312
-0.894691
1.63524
-0.403241
-0.804458
-0.0674625
1.78439
0.530704
1.22894
0.442551
0.789732
0.247305
-0.466395
-1.73233
0.250428
-0.107977
1.67913
0.144955
1.02085
1.87407
0.0550838
-0.675974
0.415916
0.326927
-4.02118
0.848151
1.04241
-0.959584
5.86315
0.547496
-1.00463
2.09673
0.738737
2.03049
0.197796
-1.81703
-0.0488436
0.325358
-0.782451
-0.24031
0.596592
-3.35073
0.43794
-0.443414
-0.0450798
-0.394826
-0.0386835
1.38969
0.808546
-1.05834
-1.37739
0.41304
-0.936649
0.724813
-1.73647
0.00937685
-0.824675
0.220494
-0.306923
2.06138
0.00626827
-1.63757
1.1377
-0.732163
-1.37868
0.811228
0.523349
-0.732251
-0.85097
-3.53683
1.40027
0.327063
0.855931
-0.543255
1.20811
0.0899206
0.496427
2.6233
-0.416245
0.575493
-0.260748
-1.66841
-1.30418
2.2278
-1.2354
1.37841
-0.685042
0.690677
-0.849413
-1.52628
-1.23902
-0.929288
-0.942805
0.580259
-1.85307
-1.26363
-0.352427
0.111605
1.83722
6.93467
-3.47535
-0.377386
2.73419
-0.703485
-0.111166
-1.63155
0.612412
1.40315
-0.130165
-0.510889
0.88332
1.8342
-0.521675
0.0562269
1.45727
-0.181738
0.18558
0.422254
-4.11669
-1.12209
-0.377472
0.36713
-0.257279
-0.258999
-1.15329
1.39284
0.471575
-0.34216
0.097553
0.521717
-0.499013
-1.35279
-0.293806
1.89891
-1.35953
0.363062
0.292203
2.06932
0.370701
-0.112621
0.271363
1.87155
-0.749995
5.59531
-0.330146
0.020229
0.51401
1.04106
1.28616
-0.265656
-0.517479
0.376703
-2.43533
-1.52928
-0.982476
1.12926
-1.70108
0.0182732
1.90374
0.865674
-1.19145
-1.45775
0.468474
-0.411164
-1.66752
0.131089
-0.186204
-0.479652
0.87841
-0.850618
0.916853
-0.906287
-4.43119
-2.01505
-1.10676
-1.0119
-0.0132203
1.97908
-1.486
-2.9574
-1.19667
3.15765
-0.183557
2.35142
1.48497
0.275392
-0.32708
1.32655
0.607795
0.539393
1.64878
0.151357
-0.0554337
0.837244
0.936133
-0.138821
-0.146223
-0.215286
2.20658
0.145623
-0.862693
0.163372
0.149281
-0.897312
2.52161
-0.566872
-0.57237
0.275146
0.0590828
0.344707
2.2475
0.155674
0.161077
4.94921
-0.692567
0.350353
-1.38187
-0.0667078
2.92526
-0.164084
-0.546922
-0.800845
-2.19303
-1.40845
0.961359
-2.98338
-0.250095
-0.853383
-0.0425631
0.352094
-0.105307
-0.797703
0.071879
0.219726
0.576217
-0.422112
0.783077
0.193746
0.372464
0.257548
-0.122614
0.203918
0.56182
-0.623835
1.36595
0.575967
-0.694632
-0.494233
-0.204974
0.0472654
-0.266404
-0.631395
0.221348
-2.0879
-1.43264
0.00582113
-1.5425
1.31452
0.354345
-0.747679
0.364405
-1.46395
1.29248
0.248617
0.195768
-0.30347
-0.094916
-3.33666
0.0768427
-0.0764354
-2.19348
-1.65838
-4.50029
-3.65381
0.385211
-0.617455
-0.252524
-0.222692
-0.0564529
-0.289137
0.892711
-0.117326
-0.679453
-0.401625
-0.0445497
-0.253695
-0.298009
-0.112935
0.448428
3.35834
1.1556
0.785743
-1.99567
0.451817
-3.17215
0.196987
0.211332
-0.419961
0.390319
-1.20062
-0.00760087
0.122777
1.15363
2.78896
0.182463
2.38755
-0.267885
1.71892
-1.9287
2.13136
0.403022
-0.216609
2.10656
0.124362
-0.0346006
-0.979865
-0.246221
-0.21481
-0.46434
3.5724
0.544889
0.271644
0.555943
0.689305
0.525605
-0.324845
1.02877
-0.764337
0.2077
-2.94109
-0.449499
-0.481974
0.509855
0.446039
-0.0378879
0.0570223
2.6864
-0.0486866
0.21356
-1.0291
-1.70326
0.610117
-0.766084
1.73238
1.5545
-0.230458
-1.46776
-2.05308
0.30523
0.17698
0.374053
-0.526623
0.270152
-0.452892
-0.476841
-0.320402
0.743453
-0.419645
-0.736963
0.560973
-0.308945
0.281553
-0.143435
1.35834
-0.0907258
-0.102823
2.26969
-0.00596634
0.0603315
0.349058
0.136143
0.0399896
0.119106
-0.694365
-1.20417
-0.0332303
-0.237868
0.177924
0.548163
0.941132
-0.977945
1.06241
0.587285
-2.83198
1.856
1.03346
-3.67705
1.15904
-1.91568
0.551071
-1.41914
0.699811
0.593808
0.857399
-0.963631
-0.890259
-0.610701
0.297498
-1.21739
1.74488
-1.53767
-1.60293
-0.131145
-0.470447
-1.20747
1.83175
0.970038
0.145098
-0.801512
-0.409167
-0.516054
-0.101402
0.0920377
0.438741
1.49544
-0.588805
1.06714
4.72025
0.00358934
-2.27535
0.926787
-0.322394
-0.743476
6.81842
-0.531894
-1.40565
0.0972036
-1.43908
-0.535334
-1.12408
-0.585712
-0.671008
0.745924
-0.95512
0.0991357
0.218211
-4.7329
-1.12677
0.874285
0.0635935
2.12162
-2.72341
1.80104
0.00276894
-0.918329
-1.65474
0.181783
-1.6636
-0.397785
2.13025
-1.1014
1.83944
-0.758297
-0.555304
3.91429
0.769387
-0.381161
0.0878888
-1.46387
0.252873
-0.29919
1.52109
-1.47881
-0.0977643
-0.745994
-3.47099
1.32868
0.0220772
0.301198
-0.58348
-0.328336
-0.33966
-0.382126
0.0846836
-1.8039
0.592756
-0.519113
0.174774
0.09623
0.0285743
0.0339649
0.798085
-2.81959
1.64606
-1.14861
-0.0187106
3.43216
0.567846
-0.351898
-0.338222
0.961362
0.22993
1.18889
0.427614
0.0986278
0.129306
-0.429297
-0.689776
2.35067
-0.677444
-0.10606
-0.702086
-0.913225
-0.798413
-0.978428
3.24125
-2.72456
1.06163
-0.687088
0.618004
-1.52363
0.417439
-0.421878
0.0611292
-2.3779
-0.437699
1.65083
1.07906
-0.211598
0.421845
0.795135
-3.29559
-3.01759
0.183161
-0.139697
-0.393075
-0.786519
1.64943
0.263142
0.21921
-3.26752
0.940827
1.85309
-1.22608
-0.175464
0.545313
-0.165671
-1.35768
-0.138644
-1.55707
-0.500698
0.157975
1.66983
-1.52018
-1.42328
-0.880648
-1.46257
-0.897397
-3.37915
-1.40198
-0.175844
-0.257663
-0.957607
-0.787111
0.0177964
1.17015
2.44323
1.6742
1.53618
2.24569
-0.619739
-5.53711
-0.17467
7.92814
1.35501
-0.811933
0.140709
2.39838
-0.0532084
0.0769568
-0.111057
1.49862
2.11672
1.45239
-1.37501
-0.246544
0.371981
-0.219438
-0.976635
-1.89736
0.240597
-0.330122
-2.52196
0.511291
-0.683535
-0.352025
0.499331
-3.05285
-0.832565
1.08208
-0.253465
-0.413307
-0.32352
-1.28923
0.619186
-0.163704
0.39598
1.3648
0.0147313
-0.15429
-3.13806
-2.33236
-0.872222
-0.337587
0.252827
0.0295501
-0.554521
0.659658
-2.14639
0.682354
-0.625191
-0.0501631
-1.17464
0.412203
0.73844
-1.96792
-1.91388
-1.71099
0.275277
0.368312
-0.850977
-3.39958
1.30264
0.743603
-1.32927
-0.715971
-1.50697
0.0599423
2.6929
1.62011
1.98833
-2.68715
1.5032
0.625824
-0.317863
0.0675924
-0.596561
0.9767
3.46934
-0.571887
-1.10341
-2.41629
-3.39176
-0.550801
-0.756614
0.435157
0.695445
0.251198
-0.492948
0.0110859
-3.1789
0.709202
0.214264
0.185108
3.1072
0.485892
-0.0290642
0.825787
2.29417
-2.05221
-0.480239
-6.64937
-0.837782
0.208577
3.24167
-0.942578
-0.270377
0.377111
-1.25734
-0.855077
-2.54181
3.02681
-1.39815
0.839423
0.871656
-0.443154
-1.56199
-0.0139728
3.49374
0.272184
-0.637927
-0.370872
-2.23738
-0.0824883
-0.025259
0.349525
0.159725
-2.30903
0.312875
1.06832
-0.382445
-0.797522
0.099495
0.0140111
-0.139002
-1.24427
4.10147
0.828372
0.825958
0.512301
-4.19603
1.75729
0.388736
-1.74339
-0.338724
0.0707169
0.825742
-1.07014
0.213634
-0.650188
1.60635
-0.534738
1.28254
-1.34111
1.84292
1.46419
-1.01334
-0.264162
-0.0296676
2.45855
-0.67268
0.778499
1.98502
-0.000818903
0.630803
0.0834356
-0.0700461
-0.110386
5.42198
-1.47208
1.86808
-0.695281
-0.226355
1.15441
-0.523565
-1.04937
0.187199
1.54077
0.0359499
0.612224
-2.10015
-2.52035
-1.85194
0.850405
-1.71634
-2.05461
0.512039
-0.188597
-1.0256
-0.591447
0.991717
0.024203
0.118892
-0.386172
0.570021
-0.569456
-0.595194
-0.795195
1.33351
-0.054697
-0.0778959
0.301462
-0.722131
0.938141
0.711225
0.332994
0.698538
0.349333
1.39272
-0.268756
1.16342
2.55597
-0.738866
0.121174
-0.6798
0.0634267
-0.223302
-0.974826
0.805687
0.461264
0.265273
0.241426
1.58596
-0.285621
0.507683
-0.946766
0.0360569
0.627746
-0.0939058
-1.99697
-2.39544
-0.837745
1.01227
-1.84948
0.197687
4.05021
0.464299
-0.108646
-0.914305
2.11667
-0.356147
-0.199956
0.270711
0.687083
-0.955291
0.334762
-0.072362
-0.314693
-0.0682549
-1.5232
-1.01371
-0.248409
-0.261714
0.462431
-1.09521
0.614543
-0.145781
0.48585
0.515163
0.232364
-0.805802
-1.64036
-0.595797
1.29589
0.0133353
0.145186
0.0157209
0.640803
-0.810913
1.58699
-1.17969
-3.6639
0.202612
-0.296967
-3.74456
-0.63251
2.09432
-0.509916
-1.25957
-3.94224
-0.0976898
1.66571
-0.153519
-0.0856358
-0.566362
-0.924257
-1.32284
-0.153216
-2.13432
1.37374
-1.30453
0.254088
2.07134
-0.671551
0.268514
0.534671
-0.539235
0.914989
-0.00971834
0.828805
-0.734869
-0.506865
0.843952
0.879234
0.730855
0.582917
-1.08872
-0.456846
-2.25291
1.64972
1.42196
-0.0712075
4.15658
-0.392479
0.194204
0.0881814
0.073975
0.32507
-0.0653475
-3.22838
1.97381
-1.79137
-2.19539
3.7671
-0.0761883
0.973306
0.46964
-0.349572
-0.352677
0.370293
0.758895
1.03903
-1.0365
0.180794
1.24609
2.85586
2.083
-0.528613
-0.0656674
-0.687487
1.29823
1.69854
-0.552966
-0.162152
-2.56269
0.0675204
-0.223487
-0.197939
0.718644
-1.72784
1.87537
-0.0531859
-1.18878
-5.16469
1.87305
0.281493
1.29944
-0.10964
0.626965
-0.993182
-0.716677
0.965045
-0.131583
-0.186639
1.24555
-1.15563
-1.16196
0.129657
1.5345
0.117767
0.276011
1.10123
2.47086
-0.0804025
1.35698
-0.142812
2.54102
-4.97497
-0.486677
-0.757033
0.942769
-1.47168
-0.40617
-1.03646
0.261947
-2.19116
1.39882
-2.17814
-0.196279
-1.04948
1.77857
-0.0666828
0.775929
0.408953
-1.12815
0.634383
0.759206
0.497253
0.146526
-0.214004
0.291599
-1.2357
1.47487
2.7675
0.485584
1.18567
0.254624
-1.23007
0.673334
2.35384
-0.128917
0.0989446
0.294669
0.68402
1.26835
0.0575953
-1.03077
1.29323
-0.512067
-0.810173
-0.233441
0.31017
0.528428
-0.122447
0.447471
0.62921
0.92202
1.36139
-0.160272
-0.292737
1.64228
-0.717793
-0.688273
-0.0627661
-0.873767
0.192974
0.678127
1.67937
1.3
-2.01811
-0.753071
1.27755
1.2283
0.0821181
0.954171
1.28032
4.54197
0.432179
0.0719662
-0.307592
0.942438
-1.17373
-0.163524
-0.0214488
2.04969
-2.94351
3.29222
0.191901
-0.0673958
1.39425
-1.21262
-1.03969
-0.0563323
-0.389004
-0.240271
1.85822
-0.267331
-0.233623
1.42601
0.894645
-1.90856
0.0769442
0.0280086
1.64366
0.960284
0.0379749
-0.333994
1.15052
-1.6226
1.6607
-1.2078
-0.616817
1.49776
0.126427
2.5813
0.0456688
-1.06748
-0.424862
0.605387
-0.775138
-1.33229
-1.35225
-4.71038
2.09199
3.561
0.350589
0.934255
0.372
1.09587
1.88222
1.64653
0.979829
-1.56102
0.33563
-0.111541
0.608668
-1.09673
3.48762
4.3131
0.228543
-0.7067
0.512001
-0.734334
-0.604698
0.449619
-0.543562
3.1585
-0.993158
-0.267749
-0.98274
-1.81508
-1.83066
0.624792
-0.656321
0.716552
1.05403
-2.46666
-1.55955
2.04837
-2.37673
0.166863
0.160087
0.00900364
0.585174
0.223358
-0.464966
-0.459708
-3.15061
1.80175
2.10047
-0.515004
-0.410347
-0.190118
1.23145
0.297253
0.290108
-0.0649554
1.21005
-1.83669
0.261588
0.375723
-2.41515
-0.51055
0.597909
0.409685
-0.877827
-1.03701
-0.0681564
-0.0385086
-1.64556
-1.15435
-0.0484759
0.206053
-1.12853
0.135891
0.268988
0.299942
0.167805
0.805839
-0.106354
-1.82251
0.177152
-3.06574
-0.896763
1.4105
-0.517323
-1.95135
-2.23938
-1.02499
0.144599
-0.187765
0.621006
0.0276503
0.640127
2.25562
2.56963
0.298334
1.91827
0.174477
-0.269959
-0.441447
-3.0173
-1.24829
-4.89731
-0.572391
0.41726
-2.48637
-1.51224
-0.0408802
-1.02881
-0.28763
1.05633
-0.48632
0.368254
-0.166929
-1.13573
-0.0458357
2.96687
-0.150925
0.390633
-0.362629
-0.178096
0.100464
-2.47543
1.08485
0.989042
0.73424
0.619429
-0.0841368
-1.71059
0.348343
0.872591
1.30331
0.372908
0.0921349
-0.578045
0.304357
-1.20327
-1.43101
-0.269743
1.72281
-1.29063
-0.0857151
-2.66781
-1.45319
1.59435
2.92138
-1.50435
1.47777
1.67504
-0.0788567
1.0316
0.322113
0.369045
-0.801365
-0.691904
0.0215874
0.384405
-0.618544
-1.63649
0.0352747
2.07834
0.102213
0.328618
-0.0800796
0.958776
0.284074
-0.469793
0.402081
-1.12436
0.734535
0.248884
-0.950973
1.95748
0.891141
-2.67189
-1.14963
-1.35006
0.0286058
-0.38479
1.70042
-0.563997
1.0308
0.526473
1.51214
1.07893
-2.12384
0.240567
0.239452
-1.14604
-0.070821
-0.127087
1.73652
0.348661
0.151916
0.93215
0.226633
1.04846
-1.09046
-0.673505
-0.331128
0.593144
0.564664
1.55069
3.18305
-1.65319
0.0772451
0.740864
0.677524
2.44002
1.3299
-0.313008
-0.31941
1.21238
11.5144
2.20583
-0.646548
0.0867879
0.0303144
-1.58317
-2.13024
-0.00556275
-0.225738
-2.39935
-0.754784
-3.71008
-0.923553
-2.23056
-0.171319
0.297063
0.282347
0.290493
5.47495
0.430045
-1.87012
-0.0201631
0.691603
0.400011
-0.959457
0.319188
-0.251129
1.38355
-1.70229
0.110906
0.318594
0.752481
-0.0981346
-0.871215
0.300931
-0.814803
-0.961975
0.571315
1.46112
1.10339
-0.344374
-0.461504
3.50784
-1.06397
-0.376575
0.115914
0.429648
1.08504
-0.706005
2.0352
-0.0369767
-0.52298
1.55235
1.30441
-1.20187
0.137099
0.80864
0.728894
-0.576456
-0.294281
1.22552
2.02488
-0.260886
-0.50851
0.570559
1.20188
0.619551
0.333308
0.095108
-0.429659
-1.25249
0.114179
-1.51261
1.17891
0.0233394
0.703063
-0.290326
-0.123767
-0.892471
0.0676434
1.20977
-3.78146
-2.26892
-0.866428
2.72911
0.972116
1.24775
-1.97108
-0.50634
1.58519
0.232297
-0.0507714
1.75638
0.884506
-0.392181
-0.425558
0.0393247
-0.0814751
0.767456
0.328123
2.41577
-2.03745
0.00995925
-0.411249
-0.266617
-1.04701
-0.690212
-2.73021
-1.94115
0.287542
-0.10363
-1.36495
-0.120767
-2.61744
-1.9925
-0.174846
-0.0473155
0.971555
-0.921896
-0.0484083
1.04944
-0.286309
0.35401
-1.51972
-2.3747
0.381433
-0.678868
0.593811
-0.0172676
-1.02162
0.362722
-0.165592
-0.709502
0.180674
0.432109
1.0084
0.377006
0.133001
-0.549479
-1.71312
0.188842
-0.846872
-0.905498
-0.747093
-0.664126
0.175558
-2.98015
-1.26008
-1.52536
1.01606
1.21578
0.891923
2.17158
2.73533
-0.255331
-0.770141
2.13014
0.311675
-0.0708662
-0.243275
1.09241
1.16659
-1.1121
3.56841
2.24292
1.0451
-0.55303
-0.16585
0.8951
1.01264
2.49673
0.719807
1.45597
-2.75385
-0.966343
-0.746575
-1.79509
-0.0806422
0.215144
0.1573
2.05389
0.200361
-0.403657
1.09751
-0.131401
-1.12674
-0.896893
-0.868202
1.23889
-0.871206
0.840574
3.10808
-0.0250905
2.71768
0.1661
-1.12657
0.249137
-0.0426875
-0.464963
0.774329
0.0214892
-1.73144
1.47147
0.232984
1.08462
-0.0160784
-1.66883
1.08522
-0.4505
-0.582172
2.85699
0.353168
0.0423827
-2.04132
1.11451
-0.838354
-0.544251
-0.0102589
-0.663341
0.443321
-0.378467
1.48034
-0.0159648
1.81387
-0.712691
-0.866829
-0.280789
-0.479951
0.907178
-2.62643
-2.19729
-0.00330033
-0.736568
-1.0201
-0.240427
-0.249722
-0.685739
-1.46773
0.0967165
2.45898
0.386462
0.324256
0.363637
0.542281
0.586323
0.240469
3.30352
-2.08249
-3.8195
1.29908
-0.151919
0.188204
-2.00228
-1.09368
-0.519615
-0.0772532
1.46922
2.07733
0.0589583
-0.802813
2.06336
0.770935
1.47691
-0.380543
-0.165012
0.190568
-0.0964838
-0.440062
-0.175839
-1.53021
-0.711673
1.05996
-0.376238
6.39865
-0.612267
-1.70124
0.373277
-0.315213
-0.129666
2.76203
-0.283183
-0.212302
0.431807
2.83856
0.0572597
-2.55664
0.10853
0.734387
-0.143729
0.638163
0.436435
0.243385
-2.32171
1.01211
0.762869
0.591094
1.35209
0.225001
-1.24206
0.583023
-0.0353219
0.0486004
-2.27397
-0.14119
1.04374
-0.800931
-0.397731
0.539011
-0.24143
0.984945
0.309715
1.05464
1.78196
-0.0400056
0.544221
2.25014
3.28494
-0.0700826
0.648932
-0.772449
0.292258
0.433712
0.183509
3.42291
-0.0375764
0.0658945
-6.88516
-0.513655
-0.370386
0.00580168
-1.32007
1.44174
-1.70938
-0.217572
0.219125
-0.0758832
-0.470645
-2.03667
0.0596218
-3.3659
-0.0558799
-1.53608
0.334555
0.276676
1.23438
-1.05104
0.43453
3.05525
-0.0178001
0.178398
-1.86049
-2.91655
1.23339
-0.664656
0.416713
-0.461551
0.0946393
-1.22957
1.0681
-1.87768
-1.18626
-3.24997
0.120761
0.794767
-0.569164
-0.584293
0.728912
0.314123
-1.00005
-1.07591
3.52639
-0.622452
2.31176
-0.550123
-2.19131
-0.209763
0.420824
-0.479055
-0.120537
0.417405
-0.449979
0.666189
-0.873159
0.510885
-0.015795
0.114577
-0.869531
0.0215575
-0.273138
2.31113
-0.0711361
0.270892
-1.46054
-3.08703
-0.233343
0.209193
2.60264
-0.185129
0.0195783
-2.13768
-0.154428
0.259202
1.00979
1.09325
0.968557
1.34276
0.367728
0.361003
-0.0887053
-0.479949
0.316047
-0.195976
-0.490804
-0.426519
3.29251
-2.99293
-0.192247
1.3431
0.213478
-0.882942
0.628072
2.86152
0.959645
-0.804073
0.60938
0.219172
2.17619
1.15481
1.87135
-6.13562
-0.250502
1.07085
0.835428
-2.1768
1.87843
-3.96831
0.237169
-0.511368
0.505721
1.24528
0.381599
-0.370375
-0.778036
1.01779
-0.0393104
2.03249
0.178129
-1.13885
-0.659433
0.0620725
2.7347
0.160632
1.68834
-0.197675
-0.859767
-0.676256
-1.56756
2.16647
2.04872
-0.264424
0.174938
0.48807
1.16309
-0.383168
-0.499478
-1.49739
0.173105
0.575861
-1.55891
0.653639
1.0913
0.238004
1.59376
-0.132896
2.33891
1.67201
-0.160506
-0.462309
-0.208488
1.22742
0.188244
0.418671
1.30712
-0.686091
-1.54764
-3.98385
0.510324
0.0959926
-0.0412908
-0.283404
0.202069
-0.349736
0.415999
-0.313861
1.27475
-0.651796
-0.0228963
0.223378
-0.794091
-0.451414
-1.69885
0.0692162
0.559486
-3.05415
0.369507
0.363691
0.286402
0.439709
-0.845151
0.555927
-0.407549
-0.187653
2.23315
0.0362475
-0.500527
0.082182
-0.549504
0.939037
0.124743
0.415778
-2.61357
0.0558214
2.32684
-0.0572021
-0.716443
-1.27249
1.37361
-0.0620446
1.26928
-2.9247
-2.17392
0.147814
-3.1938
-0.514639
1.34202
0.227238
0.0310401
-0.216356
-0.549895
0.45752
0.895415
-0.0563722
-1.13531
-0.798997
-1.78102
-1.43046
1.12329
-2.3821
-1.36602
0.664355
0.947785
-0.173757
2.65923
0.630378
1.01028
0.539552
0.463574
-0.0215601
-0.225657
-0.765957
1.42758
-1.97906
0.46938
2.68008
-3.38392
-0.972957
-0.115687
0.823695
-1.5959
-0.529181
-0.7619
-2.64015
0.76494
0.957426
0.0506217
0.171093
1.82137
1.27024
-0.281102
-3.04744
-0.467625
-3.1772
0.440904
3.93126
0.777884
-1.42258
-1.03508
-0.27269
-0.485091
1.12335
0.215459
0.352932
-0.719481
-0.864329
-0.0591496
0.368851
0.954388
-0.390729
1.35292
-0.377963
-0.0416904
-0.695945
-2.27035
-0.780782
1.84416
-2.18598
-0.841209
-4.5949
-1.52969
2.56079
0.0224878
2.10371
0.835383
-0.632491
0.0742091
-0.626352
0.667901
-0.316256
0.291704
-3.7175
0.154473
0.250932
1.0211
-1.64747
-0.720146
-0.454967
-0.785946
0.0854675
2.90388
-1.50114
-0.421886
-1.90358
0.573483
-2.76731
4.10755
-0.0585895
-1.21387
0.571678
0.325039
3.2022
-0.250926
-0.556619
-0.898292
2.87455
2.73898
-0.851887
-0.85269
1.02706
2.01029
0.0812797
0.422318
-0.533574
-0.275094
0.425857
-1.91477
-0.545075
-0.930615
-1.48377
-0.806881
-0.126294
0.433451
0.108775
0.517149
-0.863461
-0.0831334
1.32343
0.291653
-0.400023
0.421758
-1.32954
-0.95846
6.30661
0.14493
-0.889168
0.24222
-0.0375939
0.765229
-1.21079
-0.66422
0.471553
-0.395883
-0.431366
-0.359699
-0.289545
-2.72798
-1.01284
-0.202598
1.21032
-0.310686
-0.436951
4.2785
0.39316
0.86356
-0.180353
-0.0425495
-0.0802176
0.990658
0.598289
-0.951112
2.35037
-2.95568
1.00151
-1.43693
-0.879112
-1.55325
0.184945
-0.0343086
0.127009
2.32608
-1.2716
0.949419
0.548001
0.73795
0.202642
0.0853627
2.57622
-1.21322
-0.270164
3.55836
3.68821
1.80856
0.225022
-0.228734
5.02802
0.252589
-3.67368
1.88945
-0.19351
0.721421
-2.12847
0.470922
-1.97606
0.448876
0.0654384
0.163683
-1.67547
0.234698
-2.62392
-2.0088
-0.349967
-0.717447
2.85354
-0.76823
0.52738
0.40489
2.51628
-0.259221
-0.589698
-0.472701
0.291184
1.70481
1.07065
-2.02511
-1.07622
-1.0197
-0.0191062
-0.134722
0.836889
1.7231
0.194485
-1.70763
-0.87016
-0.502421
-0.0809178
-2.07815
0.470367
-0.482381
0.216755
-0.915488
1.11099
-0.0558168
-3.43273
1.47146
2.04561
0.810895
1.96154
3.49628
0.397416
2.52167
3.26578
1.4839
0.0706982
-3.88405
2.18145
-0.690887
0.166469
-1.65394
-1.28082
-1.69723
-2.85203
1.61342
-0.826853
1.63402
2.18372
0.85944
2.14939
-1.3439
1.40667
0.815213
0.951522
-2.0603
0.0337607
0.129716
0.557419
1.95206
0.89782
-2.1104
-2.78137
0.292524
3.08098
-0.0925618
0.270714
-0.206432
-1.35505
-1.15894
-1.66814
-1.21801
0.736794
1.83955
-2.46364
-4.9448
-1.61068
0.382889
0.524699
-0.404662
-2.46867
0.496319
0.839584
-0.655984
-0.648874
-0.17811
4.17873
0.49681
-0.767324
0.0945035
1.754
0.554294
-1.66159
-0.719017
2.20585
-1.95671
0.387066
-0.628904
-0.824181
-0.291526
1.20289
-0.742833
-0.389855
0.543212
-0.873261
-1.99729
0.00420913
2.75494
1.48904
0.711781
-5.40699
-1.90839
0.198735
-0.268103
3.9747
3.24137
-2.08831
0.310886
0.1098
-0.0782739
2.36515
-0.792511
0.395102
2.23269
0.0910932
-1.62181
1.70699
-1.16756
0.820798
0.0347598
-0.0379774
0.138829
0.199814
0.0769645
2.15582
1.18569
0.880942
-0.680663
1.22728
-0.437171
-2.00324
0.407607
0.571828
-0.330503
0.111618
-0.694943
-1.09177
-1.43864
0.95462
-0.401304
-1.61318
-1.56409
-0.147812
0.300902
0.245729
3.1771
-4.61499
0.729382
-0.622539
-1.09328
0.398175
0.651872
-2.24976
0.295567
0.958609
-0.848245
0.197458
-0.0126711
0.529628
-1.67229
0.361222
0.3271
0.207852
1.3035
0.105194
0.693831
0.117085
-0.554442
0.186315
0.598066
-2.94094
-0.852829
1.81736
0.598404
0.630987
0.155079
-0.395352
-0.0455547
0.194349
-0.775041
1.82487
-2.57832
0.969043
-2.9604
-0.495041
0.319633
0.322752
-1.00207
-2.99638
-0.634566
-0.799889
1.33338
1.77936
-0.0518359
-2.05844
1.05047
0.589579
1.80483
-0.00988428
0.51121
-0.189348
0.26558
1.10145
0.00154606
1.55347
0.118851
0.22248
-1.63681
0.442026
-0.256603
0.0889168
-1.17036
-0.18467
-0.86935
0.317858
0.0632948
-2.19447
-0.295058
0.224037
-1.68305
-0.14768
0.561399
0.34676
-0.673051
1.0388
-5.63049
0.177222
-0.0416793
0.319478
0.0192828
-0.186075
1.27189
-0.199423
-0.509827
1.97279
-0.537354
-0.0584694
-1.24709
0.164778
0.463167
-0.108933
-0.00671566
3.1587
-0.335267
-0.354602
2.66937
1.67917
-0.234809
-0.0941114
1.97833
-0.84495
-1.33856
0.661097
-0.138826
0.351874
0.419057
0.177861
1.81995
1.04004
0.79934
-0.46514
0.357684
-0.75908
1.80513
-0.13394
-0.33535
-2.18502
0.331423
-0.322148
0.116987
-0.00250915
0.61172
-0.945247
0.258352
-0.530951
2.06673
0.679537
0.579088
0.612739
-0.369828
-0.856535
-0.146447
0.00466687
0.690337
-1.95136
-0.167086
-0.386116
0.718304
-0.00469071
-0.370973
-3.63346
-0.778568
1.32723
-0.136819
-3.61131
1.2486
0.422488
-0.203272
0.175576
0.837318
-1.46989
0.782953
0.255782
-0.326207
0.0264986
-0.487919
-0.101281
0.731935
-0.400575
-1.06565
0.566033
0.696163
0.799006
-0.451386
1.76017
-2.46509
1.9058
0.201469
0.28785
1.30709
1.48528
1.36106
0.344108
1.01548
-0.0553708
1.33704
1.1914
4.03296
0.275191
0.251332
0.952708
0.282366
0.213026
0.277089
-0.196128
-0.2453
0.17825
-1.65504
0.234598
0.00831188
-0.657537
0.997783
0.744076
1.42135
2.37586
-1.08033
-0.0889444
0.0742489
1.60532
1.41945
-0.126044
-0.380952
-2.56952
1.09508
3.08384
-1.05364
0.0159582
0.466468
1.89452
2.59559
-0.689518
-0.133582
-0.648079
0.74493
0.0232269
-0.119006
-0.159268
1.18368
0.0583959
-0.516515
-2.11903
0.869564
-0.115298
0.314768
-0.64798
-0.180288
0.528518
-0.347684
-4.07692
-1.50325
5.35878
-0.253085
1.67781
-0.726116
-0.116749
1.36796
-1.28805
-0.389714
-0.630509
-0.500715
0.633225
-3.79082
0.632231
-0.845775
-0.321726
-0.450694
-0.57006
0.3302
-0.0672802
0.0386165
0.0157597
-0.151912
-4.27331
-0.433172
-3.68706
0.746889
1.55962
0.310624
-0.650906
1.61136
0.0245018
2.3972
-0.395112
0.284344
3.88051
0.132141
-0.0213754
3.60144
0.0860974
-1.6663
-0.626888
0.363138
0.0808823
-0.198619
-0.033955
-1.5213
0.802458
-1.3328
-0.343072
1.16068
2.65594
1.46006
-0.795191
0.10018
-0.0047205
-0.513193
0.0691845
1.88192
-1.44126
0.681634
-2.63892
0.684639
-0.0448502
-0.0404545
-0.470834
-1.35559
-3.07272
0.181726
5.15421
0.441261
-5.07508
-0.267259
-0.026716
-0.207098
-2.28136
-2.8035
-0.264717
-0.340302
-0.735891
0.239813
0.166654
-3.36419
1.31779
1.7724
0.199987
0.470315
-0.968643
1.07728
0.719479
-0.768606
-0.309392
-0.554667
3.23167
-0.490677
0.113757
-0.0383797
-0.391143
-0.23432
-1.05288
-0.33663
1.34498
0.177056
0.281352
0.469671
1.11169
0.690391
-3.80203
-0.226899
1.30145
-0.436993
1.26809
2.24424
1.42406
1.60154
-0.886607
1.86692
3.52286
-0.117075
-0.563213
-0.314938
-0.858158
0.113676
-0.0283356
-0.939407
-0.65888
-0.336367
1.36151
-0.210068
-0.456474
4.9658
1.72336
-0.514361
2.32102
1.44715
0.349929
-1.62267
0.305209
0.869639
-0.214993
-1.72509
1.26279
0.0386084
0.333574
-1.04973
-2.3256
0.457128
-0.126112
-0.517949
-6.21779
2.10739
0.457715
2.16086
-0.82391
-0.682956
-0.552232
-0.564487
0.960693
2.08077
-0.0495595
-0.0795903
-2.12832
0.789797
-0.280096
0.147725
1.90093
-0.314138
0.625389
-1.16325
0.0295648
-0.463739
-1.6044
-0.737713
0.172265
-0.802962
0.146108
0.279559
-0.236374
0.201544
0.0780536
-0.00545426
-0.200148
0.799485
-0.0997871
-0.76281
-0.612082
0.0958966
-0.218769
1.11695
0.584559
-0.322193
0.128786
-0.287618
-0.330378
-0.156314
-1.758
-1.17075
1.91737
0.810359
2.15158
0.390381
-1.56436
0.555566
2.04449
1.7824
-0.499353
-3.26592
-1.1828
-0.310559
0.803404
-1.85846
1.46299
0.400757
1.0534
-0.113633
1.31557
2.5389
3.86968
-0.22197
0.0805551
-2.19668
3.51061
0.318636
0.600605
0.541621
0.277354
0.240585
-0.203462
0.0107297
-0.349634
-2.03064
-0.174248
-0.455584
-0.38095
1.51378
-0.355481
-2.41846
0.533751
0.308477
0.411945
0.0965787
0.0562639
-0.338288
-0.273115
0.196782
-0.376122
0.0191352
-0.0326713
-1.27178
0.271222
-2.46324
0.489569
-0.0686494
0.270269
-2.45153
0.285739
1.29371
-0.930566
0.550592
0.209192
0.132263
1.27594
-1.54527
0.96828
-0.474977
0.0782749
-0.12018
0.127072
-0.337797
0.583905
-0.987537
0.694716
4.94543
-1.29069
-0.398301
-1.00806
-0.551387
1.80829
0.00718283
0.181826
-0.0223748
0.0412535
-1.10659
-1.60015
-0.307166
-0.365377
-2.34752
-0.54052
-0.0621675
0.334841
0.182442
0.251751
-1.65085
-1.29157
-1.79681
-0.310292
3.2107
-0.175122
-1.2979
0.900365
-0.182124
0.63557
0.119491
1.7875
0.885697
-0.295812
-0.904183
-0.873835
-3.84776
-4.43841
-1.75724
-1.46873
1.66928
0.406866
-0.570783
-0.208307
3.50753
-0.362466
0.975245
0.610676
0.0324575
-1.46829
-3.38073
0.49473
0.211447
0.909887
-0.984388
-0.893153
0.766522
1.46018
1.00702
0.169871
-1.16198
1.60051
-0.304449
0.598466
2.07813
2.22118
-0.843663
-0.909732
-0.287225
0.662294
3.19425
-0.180422
0.227173
-0.064858
-0.368542
-0.811392
-1.38093
-0.315211
-1.03786
2.17271
1.15818
0.682485
0.194784
-0.445255
0.0325255
-0.945041
0.900614
2.22756
0.168103
-0.854829
0.228394
-0.110005
1.20175
-0.186743
-0.978653
0.323849
6.48775
-0.884701
0.589034
0.264997
1.91522
-0.38995
0.380003
1.77096
-0.175474
-1.11536
0.191686
-0.824751
-2.66699
0.213836
1.39711
0.7393
0.871746
5.67439
0.0453073
-0.690907
-2.83388
2.56303
-0.76716
0.51303
-1.17442
1.87826
-0.0875263
1.04401
-0.0424349
0.177649
-0.36294
-0.000847816
-1.6009
-0.298924
-2.02816
0.458519
-0.274299
2.03136
-0.625575
-0.0475332
0.240117
0.844201
0.538349
2.97402
-0.540212
-1.00844
-0.865557
-1.29907
1.62208
0.223458
-0.697431
-0.374521
0.162522
-0.801244
-1.33374
-0.259238
-0.336596
1.33427
0.238722
0.0745926
0.550342
-1.59606
-0.418537
0.26186
-0.944906
-0.495665
-0.724575
0.531418
0.292827
1.46137
1.57374
1.31548
2.21805
-1.42127
0.330775
-2.1385
0.641642
0.674746
-4.18244
0.265775
1.84251
-0.0821443
0.840243
2.9176
0.305984
1.86547
0.153858
2.65929
-1.91892
0.933938
-0.224937
0.0568811
-2.01353
1.47575
-1.5453
-0.797073
-0.47789
-1.63815
0.328274
-1.64113
0.123383
2.18656
2.03774
-0.685788
-0.919861
0.458358
-0.121837
-0.139752
-0.089408
-1.13685
-2.00453
0.444539
1.9851
2.28472
0.1465
-0.13491
-0.674396
0.84131
-0.168432
-1.03592
-1.73154
2.24724
-0.380014
0.0776165
0.619104
0.855813
-2.10682
0.441206
2.47274
-0.951581
2.02122
0.249723
0.298657
1.29272
-1.26924
-0.269236
1.87819
0.319746
0.3452
0.190374
-0.0729542
-0.806021
0.314159
-0.881213
1.10666
-0.156098
0.290282
1.26371
0.927873
1.95846
1.62092
-2.48818
-0.624914
-0.272174
-2.99243
-0.412166
-0.245314
-0.311077
0.578153
-0.261869
1.31615
-0.257332
-0.0326631
0.123171
-0.221895
-1.54094
0.872949
0.216328
0.869226
1.51165
-1.568
-0.716238
-0.139558
-0.324308
0.890961
-0.199189
0.557099
-0.548087
-6.54049
-0.111056
0.356483
1.5506
0.0883258
0.681764
-1.02237
0.889253
-0.429988
-1.24297
-0.818587
-0.856543
-0.176797
0.219228
-2.75042
-2.16379
-0.729247
0.0825725
0.257645
1.90303
0.755491
-0.90422
-0.403243
-1.74205
-0.106561
-2.00584
-0.563995
0.401313
0.0590514
-0.0564316
-1.37037
-0.697976
-0.539763
-0.577501
0.669881
0.637663
1.7467
1.18825
0.430546
-0.621251
-0.310115
-0.46229
1.27892
-1.52193
-0.675706
-1.03703
-2.49778
-0.93834
-1.73542
-2.93701
0.956903
-1.62891
-2.19738
-0.962413
1.08465
0.226812
-2.85356
0.232394
0.332178
0.285678
-0.404187
-1.58469
1.25321
1.46995
-0.0661889
2.40038
0.658117
-1.67027
0.18513
-1.76261
1.07338
0.418472
-2.81545
-1.01399
2.71013
-1.32432
-0.0956705
-2.2709
-1.15023
2.16129
1.55763
-2.12547
1.71387
-2.84514
-1.11152
-0.608978
-1.70039
-0.268016
-1.0161
0.314619
-0.255537
-0.735395
-1.21811
2.66984
-1.36981
-1.4754
3.84893
-0.259668
-0.495596
0.19936
-0.144111
0.769103
-2.43376
0.872652
-1.51044
-0.724707
2.34423
4.14657
-0.489806
-0.74626
1.72934
-2.0795
-0.179344
0.150488
0.0908392
-4.31097
-0.0684855
-0.227691
0.707252
-0.431116
-2.05772
-0.895525
3.43865
0.266197
-0.0994227
1.47996
0.978526
-0.23185
-0.071579
-0.271783
-0.322567
-0.19712
2.74264
-1.14436
-0.0955668
-1.82063
0.0265802
0.568305
-2.69879
-0.148239
-0.687294
1.73669
0.748932
-2.38849
-1.30797
-0.114015
1.1952
2.51144
-2.58605
0.0802114
-1.10062
1.26694
0.377276
-0.600031
0.0360405
0.174451
0.822112
1.65026
0.485586
-0.251843
-0.417915
-0.832746
-2.4575
-3.96382
-1.66939
-0.20804
-1.46544
1.07434
-0.598466
-0.45968
0.214007
-1.14476
1.29594
-1.07723
0.771961
1.75283
-0.736077
-1.89472
0.125662
0.820222
-0.781304
-1.33171
0.0811824
1.01564
1.34392
-1.88719
-1.30804
0.573772
-1.15647
-0.0673474
0.817538
0.374181
-1.87113
-1.51901
0.0511645
-0.0451892
0.498552
-1.51019
-1.39531
0.338554
-2.00524
1.23129
0.538602
-2.51531
1.18218
-4.43227
-0.582278
-0.688195
-0.586281
-1.35866
1.29009
-0.196227
4.08999
1.17961
-2.46861
-0.197941
0.246227
-0.125056
-0.816433
0.120192
-0.813279
1.02773
-0.107294
-0.456046
0.0764997
-0.0835595
0.520838
1.66173
-0.900778
0.103178
-1.45366
0.0277902
-0.933199
0.880721
1.53641
0.415966
-1.32969
2.17696
-1.89604
-3.34956
1.00867
0.123421
0.531604
-0.862984
0.281129
-1.07619
0.845277
1.91185
0.0215174
0.0490303
1.49428
-0.348628
-2.44824
-0.0523746
0.805891
0.382437
2.32062
-0.450212
-0.941934
0.692074
-0.236002
-0.209331
-0.905454
-1.31542
0.121598
1.70322
0.414308
-1.03836
1.40352
-1.23216
-4.69213
-0.117441
0.333804
0.651892
0.864337
0.0676089
-1.94508
-0.801763
-0.316251
0.688327
0.421818
-0.793156
-0.605767
-1.26698
-0.237281
0.350634
5.54344
-0.989994
0.710061
0.0271395
-0.753344
-0.39131
-3.67224
-2.74868
1.45525
0.839898
-0.124861
0.664549
0.501397
0.118051
-0.442621
-0.601716
-0.590995
3.0149
0.376826
1.88607
0.731761
-0.484048
-1.72162
-0.191949
0.399269
-1.23768
1.01328
-0.59086
0.684105
-3.89881
1.92086
0.0299859
0.218582
1.92817
0.461978
-0.468749
-0.635351
1.5563
0.0380211
-0.154231
0.0948599
1.65411
2.41462
1.91739
-0.929022
-0.24851
0.232507
0.686975
0.666592
-1.70865
1.57955
1.02624
0.758
0.343606
-0.28129
-0.966332
1.52477
-0.181334
-0.207822
3.34137
-0.989487
-1.4733
0.0416422
-1.61721
-0.534789
2.3388
0.051269
1.05956
0.21671
-0.0431794
1.80455
1.90818
0.0833762
0.413697
-0.727416
1.28258
-0.0969994
-1.07601
-1.26757
-0.732029
3.49687
-1.21414
-1.16121
-0.819667
0.275794
-0.467918
-0.343296
-0.291117
-0.262939
-2.61412
-0.218409
-1.18699
-2.12572
0.0254595
0.0078921
2.46022
-1.66064
0.197061
-0.663039
0.181111
0.529196
1.22766
0.307878
0.542427
0.288877
-1.11802
1.14291
2.16722
1.79632
-0.999243
0.948037
0.54735
-3.16625
0.236098
-0.170581
0.369429
-0.527459
0.0159159
1.60491
-0.666551
1.25216
-0.523751
-0.0371784
-0.480894
0.375064
-0.389143
-1.07749
3.98828
-2.43636
-0.31911
-1.1094
1.30842
-0.533677
-1.68801
0.94599
0.283043
0.120999
2.30774
0.607831
0.0473771
-3.41495
-0.315265
0.618897
-2.18847
-2.19995
1.58937
-0.697176
1.19762
-2.51476
-4.45316
-0.0472002
3.81686
-1.0861
-0.745031
-0.0498441
0.824427
0.38856
1.36057
1.33744
1.09587
-3.22372
1.3298
-0.704685
-1.08808
-0.280051
0.787629
0.81053
0.0892791
-0.313046
-0.208534
-2.05495
1.12079
-0.783657
1.26784
1.21966
1.37371
-1.56485
-1.67495
-2.74652
-1.42716
-0.698985
0.211064
1.31832
-0.428919
0.216823
1.89788
0.650053
-0.436996
-2.62527
2.83402
-2.41833
-0.113825
-0.369873
-0.0841963
-0.170156
-0.218972
0.024826
-0.539611
-0.367176
0.442605
0.819033
0.471519
0.613442
-0.384883
1.50724
-0.378141
-4.89895
1.19237
-3.04598
1.57498
-0.0883903
0.926252
-0.186585
3.14734
-3.73512
0.227997
0.318875
-1.08181
1.54116
-1.385
0.765657
0.934813
-0.366983
-0.0428066
0.317293
-3.13409
0.290531
-0.465964
2.4511
-0.160329
-0.634994
-0.583851
-0.35992
0.192567
3.40907
-0.164856
-0.150787
0.122523
0.48431
-0.048558
-0.55575
1.70805
1.55359
-1.62736
0.268071
-0.300665
-0.681537
-0.138855
-0.815628
1.11554
0.574883
-2.39475
-1.10973
-0.193134
0.590082
1.63823
0.669134
-0.105857
-0.52666
-0.104308
-0.695997
0.00732558
-3.32675
0.00634521
-0.832538
0.429223
-3.94852
0.26947
0.59253
-0.0351063
0.252337
-0.824974
0.287277
-0.378732
0.656759
0.707242
-2.46844
1.52284
-3.17528
0.197403
-0.243828
-1.49481
-1.05681
-0.372453
-0.151921
0.368969
-0.720953
-1.29914
0.583138
1.88372
0.158303
0.690926
1.18479
1.56465
-0.630987
0.483002
-0.990812
-0.852961
-0.0131042
-0.364423
-0.198774
-1.92982
0.212296
0.133618
-0.399046
1.23634
1.38729
3.02704
-0.126856
0.834845
-0.318171
0.478652
-1.71543
0.480888
-2.43886
2.05222
1.94643
0.584526
0.0810451
0.759399
0.705698
0.599042
0.97936
0.641854
0.665905
1.30098
-3.35681
-1.35047
3.82463
-0.44337
0.633791
-1.69758
0.0186785
-2.46984
0.00481676
-0.856367
0.427831
0.418269
-1.38802
-2.26845
-0.15284
1.0228
-1.62609
-0.326229
-1.59111
-0.243326
0.11412
2.37454
1.20714
-0.736274
-2.6429
0.780688
2.07385
0.159103
0.357116
-0.795449
0.571735
-0.864655
0.151774
-1.61509
0.386922
-0.0886881
0.320108
1.3015
3.21115
1.63607
0.0138654
-2.4344
0.411958
1.67991
-0.592464
2.05045
0.217936
-0.802871
-0.0203912
-0.339468
-0.0607159
1.23509
-0.80392
1.43912
-1.53528
-0.311545
-1.39757
-0.044563
0.383607
0.25286
-1.20134
-0.301787
-0.00330855
0.0707881
-1.61037
-0.497489
-0.179133
1.68517
-2.10399
0.512503
0.0130283
-0.265018
0.129318
-0.659252
0.13794
-0.0861339
0.655695
0.260391
-0.491446
1.82301
-0.846048
1.75315
-1.25137
-1.33964
-0.425052
0.10702
-1.4062
0.0933652
3.94024
-0.137261
-1.45348
0.0361517
-2.28424
-1.53617
1.23819
1.51168
0.30306
-0.028126
0.681979
0.94146
0.761529
0.900376
-0.262319
0.627473
1.99727
-0.407545
-1.39576
-0.163198
-0.824016
2.01253
0.925148
0.073385
1.5007
0.213816
0.999372
0.159612
-0.7268
0.632126
-1.40338
0.171894
-2.09269
1.73853
0.679707
1.06571
0.912559
-0.207745
1.36788
1.41728
-0.315363
-0.330535
1.89858
-0.0733991
1.33487
0.903871
-0.413453
-0.0187305
0.250474
-0.633336
-1.93463
-1.11492
-0.790985
0.55241
-0.444053
1.62944
-0.668117
1.13136
0.210336
0.281336
0.97335
1.83594
-1.3949
1.0676
-0.0391739
0.554337
-0.556924
-0.275159
4.91372
-1.42694
-0.385169
0.157764
-1.5261
-0.850596
1.63005
-0.341046
-0.00216786
-0.387717
1.44007
0.501645
0.425905
1.32734
-1.72604
0.744115
-0.653036
1.5964
1.11664
-0.371142
0.486511
-1.17002
0.650418
-0.198661
2.09784
3.05274
-3.12657
0.812572
0.248123
0.148133
0.0966833
-0.00617105
-0.645347
1.00558
0.229927
-1.51993
-0.251785
-0.309616
-0.434434
-1.06341
-1.68123
0.814668
-0.0097279
-0.20099
-1.04698
-0.754341
-0.650442
-1.22419
-1.62605
2.92377
0.202443
-0.145217
0.0762639
-0.50836
0.339202
0.575843
0.554545
-0.191321
0.223322
-0.800193
-1.80733
0.677995
-0.0683014
3.07122
-0.940681
0.0524461
-3.0083
-0.170575
0.0950662
-2.98063
-1.27787
0.0319437
-0.0923389
0.460866
0.175629
-0.734615
-0.551839
-1.36023
-0.615452
-0.00846005
0.609672
-1.26955
-0.758796
1.40606
-0.398306
1.34977
0.483607
-0.597857
0.375632
-0.126475
-2.25292
-1.31689
-0.465895
0.528831
-0.759787
-0.277469
1.7106
-0.687128
0.419228
-0.03521
1.29721
-3.78458
1.19813
-1.14288
0.867494
2.1318
0.37098
0.850758
0.216776
0.528322
0.235727
1.22757
2.27858
-0.311715
-0.09586
-1.14399
0.53644
0.022682
0.410201
0.459162
-0.0474642
0.603965
1.56908
-0.40397
-0.471685
-1.8201
-0.597977
-1.17232
0.972515
0.440227
-2.10301
1.64498
-0.648796
0.101678
1.40513
-0.149698
-0.733301
0.458934
0.0787795
-0.76168
0.226795
0.610742
0.228486
-0.0311218
0.313346
-0.147111
-1.51471
0.438647
0.499423
1.82155
0.143736
1.55558
0.660593
-0.421547
0.205546
0.742395
-0.0620206
-1.58754
0.405178
1.40129
-0.171102
0.753299
-1.13
-0.921774
0.581023
-0.884336
1.53454
1.55601
-3.78635
0.177778
-1.22785
0.90119
1.32869
0.84627
-1.40161
0.160099
-1.20844
0.589246
-0.949531
-0.37433
-0.962396
-1.01562
2.44235
2.27192
0.432652
0.949198
5.12175
-0.191032
-0.929405
-0.319763
0.902561
0.444528
-1.57979
2.42051
2.12899
0.795325
-0.820089
-0.61778
0.417843
1.07967
1.45098
1.23568
-0.770663
-1.34221
-2.48013
2.45742
0.785865
1.91648
0.533074
0.852076
-0.092879
0.409862
-2.06375
-3.95933
0.752896
2.25277
0.74611
-0.806125
-0.369253
0.0839548
-1.56708
1.8661
-0.157827
1.40214
-0.526828
0.0556149
0.556455
-1.155
-1.63203
0.865146
0.444734
0.406869
0.528531
-1.75334
0.669375
0.0236854
0.0391052
0.0713232
1.17307
-1.0291
-0.903925
-0.158861
-0.512367
-0.302665
3.38339
5.99324
-1.44861
-0.0204876
-0.544431
-0.466331
-0.520935
-1.83005
1.37037
-0.36304
2.00459
1.11274
1.38644
0.2698
-3.84879
0.245531
2.25751
-1.59179
0.828348
0.0516594
-0.742132
2.06917
0.159547
0.886554
-0.617349
-0.850361
-0.407713
2.32953
0.510035
-3.13791
-0.885413
-0.151921
-0.598353
-0.518922
0.865395
-2.52503
-0.540569
1.03432
-0.280706
-0.723086
-0.194475
-1.65044
-0.41056
-0.35202
-2.06114
-0.542047
-2.25336
2.96965
-0.0467406
-0.488719
2.04085
2.54509
-1.6766
-0.623015
-0.15629
-1.84736
1.34473
2.89496
1.10918
0.243739
1.30883
0.949618
-0.505603
3.12956
1.50391
0.0836532
0.720144
-0.25331
0.301059
-0.328774
1.71452
-1.80704
0.88657
-1.35175
-1.45868
-0.342267
0.126081
-0.0392858
-0.153956
-0.0627577
-0.215481
1.15409
-0.617724
2.49234
-1.09522
2.36642
0.968059
1.96299
-0.0380773
1.48562
-0.051316
0.460288
0.990761
-3.09998
-0.423842
-0.980229
0.593667
-0.492348
0.875332
0.423913
0.190302
-0.887266
1.87591
1.50655
0.820803
-0.724126
1.29873
-0.453813
1.98337
-0.0479423
0.823583
0.0257194
-0.431159
3.12021
2.56087
0.271585
-0.938816
-0.59461
0.241812
0.988322
1.05015
-0.983631
-1.79086
0.135059
0.039389
-1.05188
0.339789
-0.351593
0.204045
0.236396
1.31211
-1.69168
-1.91746
-0.703259
-0.962916
-1.09691
-2.83672
1.5747
0.149101
-1.49738
0.851415
0.00901577
-2.41702
4.63447
-0.299043
-0.85782
1.17075
1.62367
0.502658
2.45314
1.08627
-0.240837
0.770595
-0.196482
-1.22751
0.0653625
-0.972559
0.195694
1.32011
-5.19912
-0.0374069
3.36192
0.890047
2.13472
0.176658
-0.83032
-3.05261
0.22174
1.08794
0.761668
-0.380017
0.283119
0.441032
0.730831
-0.729276
-2.83662
-0.94625
1.77218
-1.17151
-0.645005
-1.37535
-0.111101
1.24991
0.00588148
3.16524
-1.50646
0.344812
-7.8931
-0.162939
-0.13375
-2.88065
-1.06716
-4.2439
0.082861
-1.15785
0.672089
-0.363825
-1.67287
-0.270033
-1.26795
0.501655
-0.667427
2.33596
-0.140856
-1.48435
-0.634785
-0.833364
3.07985
0.0196553
-1.49556
-0.172866
-0.777136
0.799038
0.00122139
-0.564188
-0.70018
-0.880804
1.17334
1.00849
1.68871
2.3637
-1.42741
1.61017
0.836184
-0.382921
0.404901
1.66521
-0.293156
-2.13853
-2.5124
-0.33755
-0.183638
0.51552
-3.52
0.80936
-1.87927
-1.48055
-0.210465
-1.14395
-0.539632
-0.923511
0.242396
0.380611
0.333683
-1.79234
-0.182433
0.0807413
1.73946
-1.75305
0.810977
-5.07559
-0.0382071
-0.359478
-0.580105
0.0102666
1.91241
-0.0422108
-0.450344
0.452823
-1.90866
0.714504
-2.46547
0.156385
0.49149
-1.17826
-0.306951
-5.58667
-0.0802526
-0.0330122
-0.625164
0.712373
-0.776323
-0.793003
1.21213
3.05985
-0.59822
1.35568
-0.614865
1.99908
-1.11769
-1.07891
-0.100988
0.305909
-2.1419
-0.389472
-2.77916
0.996341
-0.911874
1.92877
0.121556
0.0640479
0.418149
-1.17383
2.11625
1.52304
0.405112
0.419504
-0.672109
0.247048
0.640691
-1.13281
0.537652
1.62084
-1.51222
-1.21775
-1.76104
0.693647
1.31907
-0.664139
2.43734
-1.48101
-0.898611
0.373902
0.77591
-0.857373
-2.06967
0.73627
-1.37587
0.889652
-0.803344
0.0368206
1.01362
0.859691
0.734602
5.35163
0.791313
-1.27944
0.627837
2.29705
0.125663
-1.68874
1.60572
0.643548
-0.751888
0.853845
-1.55814
-1.21498
1.83476
-1.23702
-0.0837307
-0.975216
-0.29471
-4.68238
-0.073612
2.15519
0.5956
2.9258
1.72319
0.572313
-2.53709
0.0152403
0.193659
-0.384388
0.169758
2.2079
-2.28815
0.684218
1.03191
0.170833
0.0821706
-0.424911
0.0761995
-2.59742
-1.68657
0.274082
2.48765
-0.872673
0.12538
1.00127
2.00724
-0.721623
0.956478
-0.121096
-1.4572
-0.369313
-0.0274642
0.168355
-0.308296
0.892032
0.0208348
0.160963
1.59989
-0.26756
-2.33114
-0.530826
3.0495
0.488593
-0.265397
-0.27625
0.790114
-0.243581
-2.55678
1.0375
1.06613
0.815891
-0.855615
-1.44438
-0.513645
0.201991
0.323007
0.38658
1.67795
-0.533686
-0.61584
-0.00384188
-0.291237
0.642135
-0.357148
1.00219
-0.594721
-0.315358
0.209919
0.399486
0.436862
1.30595
-0.257998
0.689511
-0.536839
0.523325
0.424166
-0.66877
0.466765
-0.662877
1.15544
3.20346
1.03924
-0.07138
-0.533956
-0.468542
-0.172115
-0.272668
2.30549
-1.38687
0.285542
-0.764374
0.683244
-0.13655
-0.742823
1.24389
-0.524983
0.28933
-0.907321
0.681943
-6.48713
-0.528503
-2.45895
-0.798184
-0.133176
-0.845464
-0.27475
-0.137037
-0.365712
-0.00946735
0.536549
0.00929336
-0.265044
-0.364473
-0.543478
-2.08051
2.39968
-0.173806
0.0694809
-0.262986
-1.47661
-0.2167
0.127466
-0.801238
-0.107965
-0.121637
-0.990617
-0.424742
0.528753
-0.0877664
1.01002
-0.512549
-0.39895
-0.772676
-3.08671
0.280198
-0.0120595
-1.38998
-1.738
0.573289
2.01536
0.340282
-1.33839
0.80957
0.261385
0.750939
-0.0368775
-0.492768
-0.0554673
-0.0190409
0.094706
1.46304
-0.0732168
-0.35824
-0.119756
2.44034
-1.57675
0.885189
3.1095
-4.8251
-0.110583
-0.427311
1.94335
0.255384
-0.163515
0.420517
0.14514
-0.601454
-0.187825
-1.07281
-0.0753287
0.37699
2.04022
0.676462
-1.34237
-0.524178
0.236938
0.359908
-3.00296
-0.243103
-0.0802778
-0.873651
0.292499
-0.427494
0.238007
-0.332283
1.85231
1.7608
-0.260321
1.07972
1.15519
-0.459827
0.433963
-0.361797
0.435499
-1.90083
-1.80619
0.0984064
1.0837
-0.853218
0.358827
0.683368
0.0456797
0.765125
-2.76016
2.64057
-1.13738
-1.69534
1.48566
0.634507
-0.716282
-2.56125
-2.54529
-0.607609
1.09372
0.338157
0.00500442
1.02743
0.335699
-0.273647
-0.224848
2.49332
1.20228
0.0946444
0.276413
-0.0228603
-0.45275
0.434615
-0.100994
0.44031
-0.522551
3.66543
-1.84286
-0.993698
-0.166936
0.327808
-0.430883
-1.30962
0.0276992
1.27913
0.0888313
0.458936
-0.194755
-0.695817
-0.375853
1.16314
-0.495391
-1.17097
-0.120306
-0.149428
3.22458
0.734969
-0.69324
-1.83163
0.66997
-0.253145
-3.96506
-1.14113
-0.251384
0.258315
0.675331
-0.024164
0.0241752
-0.281405
0.0121734
0.603965
1.29909
-0.0895243
0.412909
3.50507
0.294998
-2.18686
-0.480012
0.89136
0.773363
-0.0851721
-0.286472
-1.4972
-0.962137
0.990773
-0.265089
0.996383
-0.382396
-1.20548
0.0734272
-1.80022
0.966051
1.29749
-3.0783
-1.72236
0.837304
-0.0447565
-2.38848
1.90857
2.12054
-1.94385
-0.815959
1.2232
-0.369087
-0.215116
0.905051
0.646656
0.346822
-0.367277
0.360618
-0.275198
0.180102
-1.08354
-2.57237
0.0096194
-0.153407
1.52187
-0.490242
0.590602
-0.0326078
0.213888
-0.252904
-0.259633
-0.495891
0.496357
0.711238
-2.45357
-0.0257708
-0.312316
-0.70483
2.36166
-0.16275
2.03879
-2.39594
-0.0462289
-0.279059
0.540335
0.948436
-0.186822
2.72803
-0.266473
0.156708
-0.163474
-4.40956
-0.0192943
-0.570577
-0.153994
1.24146
-1.82325
-0.0790611
-0.481981
-0.732851
-0.213631
-0.964575
1.98836
-0.281834
0.431095
0.174558
1.15219
3.29455
-0.174173
0.375799
0.369425
0.912939
0.792775
-0.467666
0.533388
1.03194
0.516332
-1.69973
-0.293888
2.09325
0.137272
-2.43715
-1.11032
2.32769
-2.02871
-1.04253
0.353843
-0.513855
-0.670186
0.154061
-1.29966
1.46592
-0.545795
1.53653
0.628404
0.697459
-0.321905
-2.23092
1.066
2.1036
0.0358284
-2.33892
-0.516717
0.29261
-0.115724
-0.389543
-1.15486
-0.395507
1.4211
1.15176
0.217277
-3.38187
1.51343
0.088593
0.191666
-0.342451
-0.563203
4.02703
0.260778
-0.106209
0.523589
-0.24482
0.274825
0.675467
0.00782571
2.80471
0.661521
-5.98718
-0.00326745
-1.49786
-0.756293
0.89823
0.830944
-0.558224
-1.42023
0.504755
-0.916752
0.287067
0.150571
-0.500098
-2.55258
-0.499873
-1.73444
-1.48399
-2.64186
-0.285321
0.46829
-1.52333
0.0863195
-0.269036
-0.19136
-0.634168
-1.74871
-2.68147
0.0555635
-1.89022
-0.87104
0.471162
-1.50927
0.763867
-2.7138
0.981418
-2.38169
0.381794
-0.507556
1.22554
-0.314446
-0.795974
-0.418819
-0.478728
-0.0904618
6.27807
-1.7318
-0.312484
0.255002
-0.135337
-1.02951
1.32592
-0.973159
0.766927
0.703926
0.969376
2.15321
-0.908219
-2.03433
0.160734
0.829224
-0.285345
3.40035
-0.248346
0.150863
-0.32991
-0.699535
2.24703
-2.19487
-0.0637101
1.26485
0.576441
0.811102
0.17753
-0.49193
-0.143347
-1.06682
0.168247
1.41848
0.404313
-0.92187
1.51652
-0.772378
0.5569
-0.500364
0.13773
-2.51912
-0.845235
1.07833
-1.13455
-0.029213
-0.331832
-0.224999
0.50467
-1.56417
0.0337128
0.543328
-1.72503
-1.94696
0.141489
0.563647
0.157518
1.79753
0.227633
-1.11332
0.305835
-0.25801
-0.242567
5.52403
-0.412074
0.184435
0.235487
1.02328
-6.18187
0.811955
0.357707
-0.568734
-0.331011
-0.855099
0.0808271
1.97564
0.187881
1.29103
0.6651
-0.43246
-1.28565
-3.22175
-3.88231
-0.240432
1.537
-1.16096
-0.752144
3.5018
2.98333
4.31146
0.722058
0.359568
-2.32156
-0.139076
-0.400097
-0.301563
1.66158
0.524413
0.163572
0.242112
0.718814
0.034395
0.922488
-0.647849
-0.153962
-0.649859
1.02316
1.69854
-0.186422
-0.395761
-0.294264
-1.70453
-0.0409274
-0.748378
-1.86819
0.175438
-0.959478
-0.21363
0.419081
0.015637
-0.816916
0.219222
2.17011
0.787967
-1.19893
0.648411
0.766606
-0.207628
1.3719
2.59132
-0.24558
2.40689
0.495998
-1.06309
1.03872
0.670402
0.221719
-0.409498
0.0204655
0.448263
-0.465882
-0.360037
-2.09393
0.628604
-0.295584
1.85857
0.0189734
0.537379
1.75641
-3.61983
-0.355352
-0.0683091
-0.96467
-0.809284
1.71619
0.435476
-0.129466
2.6925
-1.42164
-0.540231
-0.245519
-4.58404
1.2789
-0.280111
-3.24387
-1.03654
-0.0355161
1.9353
0.0237668
1.57361
-1.11506
-0.324391
-1.32715
0.191135
-1.24358
0.291762
-0.21081
0.411937
-0.0741012
0.388604
-1.12233
-0.294351
-0.690873
-2.07891
0.733653
-0.0989377
1.10278
0.991182
1.79743
-0.629237
-1.7712
3.77636
0.334502
0.450722
0.118572
-0.724287
-4.43893
-0.102688
-0.63987
-0.381718
-2.08017
0.24733
1.20655
-0.81335
0.158665
-0.642849
-0.489846
1.17273
-0.932316
1.13353
-0.49023
2.18962
-2.97222
0.561033
-0.353915
-2.41646
2.61235
-1.76933
0.189329
0.127688
-1.81766
2.77791
-0.374172
-2.93072
0.18979
-0.554961
-1.56072
-0.617934
1.17386
0.384706
-0.642458
-0.607337
0.608392
0.760609
-0.233499
2.28319
0.308193
0.21997
0.612295
-0.000240841
0.539688
-0.0631545
-0.225369
-1.80882
-1.25079
-1.0815
0.831488
1.25913
3.51887
1.42099
-1.24952
3.71005
-0.44895
-0.122357
-0.57401
1.08166
-0.355405
-0.467734
-0.0548744
1.30442
1.85627
0.766636
-1.26794
0.3733
-0.89913
0.561284
0.339455
0.414804
0.251962
0.349751
-2.06419
1.33509
-1.51652
1.97836
0.0995286
-1.05891
1.11548
1.10486
3.97585
0.0521918
-3.18804
-1.46533
-0.587984
0.792639
-1.26044
-2.00173
1.43208
-0.121985
0.428309
-1.52366
0.847935
-1.47797
-5.18993
-0.116007
-1.553
-0.451484
1.63566
-3.41892
-0.713687
-1.55833
1.89719
-0.0564215
-0.191159
3.76727
1.72501
0.38425
-3.07803
-0.300782
0.436652
0.0494839
0.738325
0.0589605
-0.837599
-0.198571
-0.857474
0.647645
-0.60497
3.89204
1.01489
2.11633
-2.68515
-0.141669
-1.77233
-1.59978
-1.48949
0.797181
0.120848
-0.328425
0.863582
-2.7956
-0.693282
-3.17344
-0.375732
1.29431
-0.560237
0.279095
-0.195317
-0.323089
0.19951
-1.4536
-1.82159
-0.194552
1.44164
0.163346
-1.80712
-2.02375
1.04264
-0.288452
0.652883
3.08973
2.22638
0.414611
0.601226
-0.646879
0.519409
-0.11896
0.0865725
0.461548
-0.140694
0.605832
-0.660307
0.0505003
-0.902129
1.34982
-1.36756
-0.278507
0.510898
-0.446218
-2.32184
-0.515335
-0.218237
0.0405209
0.0082604
0.389606
-0.362383
1.72117
-0.287961
-1.20159
-0.387578
0.374417
1.80183
0.0301401
-0.338294
-0.000559676
-0.673987
-1.21843
0.396636
0.171084
0.798835
0.882584
-0.413512
0.0386229
-0.272088
-0.222838
-1.79701
0.793181
1.46
-1.75082
-0.733551
-1.01028
0.934274
-2.93976
-1.05423
-0.870178
0.694498
0.942125
-0.339883
-0.314469
1.72522
-0.105572
1.37382
-1.45921
1.24685
0.408629
3.36903
0.43785
-2.78021
-1.92724
-0.616585
1.9561
2.9824
-1.51192
2.28931
-1.22024
-0.0362554
-0.75328
-0.946113
4.91013
-1.46476
2.81439
1.30368
1.28208
1.31548
2.1595
0.293796
-0.512309
0.488956
-1.40037
0.379525
-0.131888
0.36066
-0.425335
1.33859
-4.28756
-1.64371
-0.454808
-0.314113
0.647594
-0.859538
-0.850287
0.170734
-0.15637
0.0896364
-0.706563
0.778026
1.01749
0.626744
-0.0721702
-0.854623
0.214661
0.598417
0.92791
0.779539
0.108327
-1.25597
2.53117
-0.00774033
-0.20884
0.0817802
0.156586
-2.30655
3.15631
-0.265188
-0.24426
-1.59318
2.09343
0.106879
-0.0786829
-1.5496
-0.348771
0.955209
-1.63384
-1.10532
1.25924
3.84591
-0.105483
-0.235851
0.582989
-1.01073
-0.190598
-0.0393078
1.03621
-0.543229
0.64426
-1.26397
-0.618642
-0.399258
-3.12703
-0.722606
-0.346429
0.290037
-0.479258
0.70045
0.00422071
-1.00758
-0.610298
-1.26377
-0.647808
-0.363548
-0.0999608
0.587705
0.056454
1.0342
1.38953
0.14227
-0.277343
-1.21083
0.0982248
-1.60504
-2.40064
2.10293
0.373579
0.476621
0.328776
1.03102
0.0961104
1.6331
0.367471
1.4209
1.3101
0.156035
2.12638
-0.002779
0.433279
1.47362
1.47605
-1.2919
2.81891
-0.4916
-0.247193
-0.545797
-0.4249
0.43768
-0.0506539
-0.782422
0.91329
-0.138024
-0.802809
-1.15368
-0.296797
-0.660328
1.40889
0.290851
0.0899689
-0.881028
3.37095
-0.373681
0.968562
-0.765343
-1.9817
-1.02185
-0.105482
-1.15795
1.22431
-0.352459
-0.857715
-0.632823
-1.24162
-1.25526
0.0934267
1.21663
0.0401235
-0.197064
0.0712082
0.718434
0.0493899
-0.0878361
-1.97768
-1.4946
-1.23813
-1.57496
-0.982841
1.43845
0.040733
-0.14676
-1.00516
-3.07237
-0.314098
-1.57939
-0.99976
0.773277
-1.16514
3.64356
1.14207
-0.1365
0.331776
-0.0299395
-1.51213
1.28611
0.356252
0.262836
0.261916
1.30503
0.24243
1.65187
-0.345836
0.398914
1.63893
0.832623
2.44144
0.385741
-0.385071
1.77322
0.206025
-1.39341
-0.295436
2.94153
-0.129024
0.565649
-0.672831
0.0477261
1.38747
2.46742
0.307967
0.243127
-0.200172
-3.35988
-2.57397
0.920002
0.817383
0.674297
3.98584
0.232515
2.78024
-0.297099
0.284426
0.131901
-1.9849
-0.0883654
0.780625
-0.948706
0.54542
0.152207
2.72764
-0.525235
-3.93005
2.13271
-0.0265904
-0.818568
-3.78325
-0.21482
-2.10346
-0.550444
-3.15002
1.01874
-0.963014
-0.289621
0.0924717
1.96907
1.74959
-0.167267
-0.493096
0.231379
2.35384
-0.389257
0.227163
0.607935
0.111772
2.87589
1.26882
1.51541
-0.565471
-0.609091
-1.746
-0.165602
1.07783
1.05856
0.139274
0.526326
-0.366985
-0.250543
0.153867
-0.0377394
-0.288454
-0.256893
-0.933504
0.536986
1.90987
0.639562
-0.447275
-1.38559
0.694882
1.13449
0.057839
-0.131085
-0.019542
2.30593
1.12513
-0.893615
-2.04009
-2.64519
2.42575
0.677921
1.13931
-0.958714
-0.626606
0.300562
-0.105991
0.746407
0.340276
-1.32804
1.95977
-0.0707691
0.315703
-0.409291
2.78381
0.135476
-1.72935
1.2002
1.01352
-0.497193
0.294154
-2.00795
-1.22196
-0.390879
0.0767193
-0.263938
-0.563492
1.47411
0.533916
-0.214881
-0.230547
-0.134623
0.441767
-0.85524
0.215543
2.25669
0.544772
-1.87793
1.19817
0.274539
-1.10973
0.722652
-0.027724
-0.166836
-0.0935835
-0.955715
-0.493419
0.892141
-1.27605
0.0638551
0.848874
-0.406489
0.331083
-0.63182
0.309745
0.449799
1.62464
-0.513105
0.817106
1.83331
-0.238543
0.440825
1.28237
1.43243
-0.297078
-0.250836
-0.56184
0.0643457
-2.23732
0.932056
-3.10089
0.567209
-1.82333
0.913382
-1.40579
0.0151191
0.585818
1.82783
-0.9569
1.10452
1.25654
-1.3752
0.486171
0.941831
-0.108554
-0.903624
1.19018
-1.801
-0.333334
0.34815
-0.512641
-0.245759
-2.10188
-0.955647
-0.0853045
0.306558
3.21781
-0.810441
0.89119
-0.47409
-1.6687
0.277111
0.114631
1.60594
-0.827777
-0.440255
-1.03704
0.357167
0.0265551
0.116714
-1.06468
-0.108226
0.317986
0.3606
-0.860217
0.408737
0.485806
0.507433
5.47435
0.340852
1.61241
-1.05292
0.726552
0.747572
-1.5918
0.401115
0.0394065
-1.4917
1.75481
-1.86286
-2.77408
0.126539
0.992833
0.193527
0.438718
1.12441
0.520767
-0.383419
2.34249
-0.494637
-0.021887
-1.9183
-1.86371
-1.30102
-0.0192607
0.926415
-3.89071
0.0706008
-0.00939114
-0.88394
0.330292
0.0827624
-1.68842
1.14603
-0.00641194
-0.23467
-0.286008
-1.6133
0.539081
-1.22328
1.22435
4.51172
-0.159544
1.37116
0.421739
1.71308
0.0913728
0.537367
-0.0313111
-0.990911
-0.136224
-1.96965
-2.80458
2.19312
-0.164541
0.0478218
-2.6933
-1.69463
0.141868
-0.855805
0.293907
-0.417868
1.4187
0.289155
-0.79616
-1.04506
-5.05304
-1.17442
-1.75778
0.156203
1.63523
0.155311
-0.671697
-1.67241
2.0626
-0.51112
-1.7077
-2.90345
-2.12286
0.49648
-0.64882
-0.59989
-1.55669
-0.132494
-0.00345812
5.06917
-2.96321
0.509932
5.92015
0.197056
-4.07874
2.56067
-0.532287
4.08592
1.29998
-0.0807402
0.718543
0.725196
-3.02948
1.01045
0.0661751
-1.03479
-0.672987
-0.539895
0.0380147
-1.4193
-0.468304
-0.281555
0.669853
-1.10596
-1.07544
-0.0666872
0.388921
-0.271617
0.0161141
-0.655853
-5.29984
0.372242
2.2508
0.20889
-0.524936
0.935725
0.02906
1.52838
-0.175437
0.0151523
-0.904097
0.167148
-0.230794
1.29267
0.459577
0.873689
0.478823
-0.958636
-0.189503
-0.0590349
0.900164
-2.18051
-1.19455
-0.123928
-2.80445
-1.08696
0.445679
1.90432
1.70761
-0.798632
3.14193
-2.47179
-0.713677
-0.877005
1.54681
0.769549
0.160594
-1.42276
-0.461807
-0.410942
-1.29429
-0.00929869
-1.12047
-1.14792
-2.28376
-0.815585
1.42111
-0.606202
3.08609
-1.38785
-0.372566
-0.0291141
1.73572
-2.11947
0.0432574
1.16974
0.221823
2.0521
-0.31147
-0.140692
-0.382478
-0.0530559
0.0225948
0.173627
1.93235
-0.83828
-1.24768
0.668936
0.154
0.85492
-0.173638
-1.19732
0.649324
-0.268585
-1.72354
1.01015
-2.20514
1.95474
-1.19711
0.462032
-0.565264
-2.67465
-0.144765
0.936451
-0.890263
2.28685
0.326865
0.542605
0.73587
0.0365644
0.30109
1.04537
0.25535
0.24391
-1.84196
-1.10384
0.292643
2.15042
0.337029
-1.99308
-0.0740115
-0.271034
-0.11995
0.990567
0.0762862
-0.0869888
1.91882
0.303941
-1.78002
0.691334
-0.232098
1.91489
-2.68505
0.0182674
0.689218
-0.176899
-0.835378
0.392048
-0.316071
-0.4332
0.0471755
1.36456
1.71639
0.0308395
-1.73255
-3.4234
0.24626
0.363041
-0.876033
-3.54278
0.339434
-0.498876
-1.04587
-0.693853
-0.0528334
0.441652
0.438943
0.496101
2.26858
-0.209706
0.197473
1.48491
0.5699
1.31348
-0.880588
-0.919107
1.15723
-1.61192
-1.97916
0.222172
-2.93438
1.20964
0.714194
-3.34498
-0.272612
0.013975
0.035715
-0.37457
0.75469
-0.0288682
0.268863
0.771138
1.69973
-0.444552
1.56915
1.15978
1.45383
-0.884563
-2.53526
2.45969
-0.397805
-0.877369
-0.417603
0.804836
-0.0925249
-1.03666
-0.114771
-0.899436
0.0962021
0.223408
-1.3694
2.50291
0.371102
0.143087
-1.64528
-0.909897
0.40355
-1.11564
0.158232
-0.131892
0.273381
-0.38624
-1.1096
0.956932
-0.141179
0.647513
2.89118
1.94225
-1.62705
-0.567093
-0.305014
-0.395767
0.675225
-0.753391
-2.16871
-1.29782
0.654014
-3.77977
1.22966
-1.39986
-0.574943
0.0122418
-1.18166
2.7697
0.28592
0.569976
0.26058
1.51103
-0.210344
-2.59987
-1.18691
-1.60206
2.50312
1.03061
-2.70448
0.93487
-0.454635
0.246284
0.342632
-3.34415
-0.0151165
0.654607
-0.229385
2.58326
-0.0451349
-0.11501
1.47025
-0.986327
-0.194571
2.52007
0.226538
2.50042
0.36532
-2.23813
-0.90064
0.697469
0.310121
-0.595624
-0.21947
0.801327
-1.88264
-1.60841
-4.13538
-0.668056
-0.909363
1.85042
-0.938718
0.756134
-4.63058
-0.097695
-1.94087
0.603982
-0.238215
0.354901
-1.40896
1.42353
-0.0794842
-1.1125
-0.212064
-1.8872
-1.19388
0.672106
0.0845267
0.19427
-0.588288
0.635219
5.45485
0.737632
0.967446
0.577629
1.35037
1.05605
0.83102
0.13017
-0.323378
2.43035
-0.340711
0.907578
-0.866267
0.0315796
0.0875643
1.01
0.515758
1.19028
0.380788
0.219427
-0.254948
-2.3895
1.92208
0.309535
-0.523456
-2.35894
0.741067
-1.74667
0.130191
-0.759984
-0.617229
0.254619
0.513304
0.620615
0.237654
1.43078
0.387568
1.95911
0.674679
-2.40968
-0.186216
0.122926
4.19495
2.50898
-0.793902
-0.526721
-0.0456293
1.9515
-0.814967
-0.957781
-0.0102161
-2.07221
-0.59714
-2.91374
-0.45414
-0.543074
-2.8909
3.31028
1.45722
0.212193
-0.0331748
0.50866
-5.57657
0.383615
-0.731518
0.220037
-0.384008
-0.0285666
0.239926
0.103886
0.70864
-0.874592
0.0836036
-0.884657
0.055421
-2.34236
-5.43954
-2.19031
-0.238321
-0.0704599
-0.268311
-0.285429
-0.835112
-0.278157
-2.31073
1.6023
-0.487174
2.77911
2.3867
0.366906
-1.67836
-2.14213
0.983428
1.86823
-1.16308
0.961853
-0.815143
-2.20702
-0.151613
0.302017
0.620148
0.579928
0.600769
-0.0347341
1.79213
2.25003
-2.23419
-0.628754
-0.359573
1.69077
-0.564407
0.0746436
0.0776552
-4.42415
-0.164755
1.46262
1.72162
-1.11162
0.158425
-0.143807
0.0854054
-0.582165
0.255521
1.14896
-1.96918
0.332906
-1.65055
-0.893146
1.29419
0.480305
-0.599092
0.217639
-0.554848
0.0754622
1.17453
-0.744273
-0.00264387
1.26719
0.108528
-2.77951
-2.03277
-0.0790675
0.0933144
-0.559576
1.73606
1.74392
-0.955719
0.0677217
2.16332
-0.32241
-1.9522
-0.0509656
-0.69102
-2.19479
0.00873917
0.340771
-0.70791
0.0502372
-0.509099
-0.0162904
-0.0603391
2.83274
-0.490739
-0.206512
2.11158
0.603073
1.11679
1.66217
-0.533753
-0.184702
0.447546
0.664063
2.30068
2.01554
1.57598
0.200347
0.0126767
-0.316534
-3.47797
-0.583488
0.161528
-0.336148
-1.60872
-1.72171
-0.131953
0.905351
1.31464
1.71446
2.25273
-1.06861
-0.81175
1.75148
-0.41625
0.69931
-1.1936
-1.71216
0.0990968
-0.932374
-0.554695
-2.34589
0.524702
-0.518107
-2.1467
-0.423206
0.762026
0.33389
-1.06039
0.444519
-0.521099
-0.284634
2.03943
-0.698949
1.03719
-0.169203
-4.15488
-0.101234
-0.511822
-0.624797
-0.276914
5.48146
-0.0220783
0.466884
-1.45669
-0.046904
1.21808
-0.328248
0.681063
0.128248
0.146746
-0.713927
0.229022
-0.811674
0.262909
-0.103631
-2.04874
-2.09898
0.89176
0.863046
-1.2296
-0.675818
5.29729
-0.199085
-1.02628
-0.901661
-0.431186
-0.437005
-0.206215
-0.117919
1.87426
0.539891
-1.79585
1.51732
0.0329348
-0.259099
-1.24078
0.237093
-0.158127
0.615565
0.198564
-2.26915
1.08519
-1.05559
3.55842
2.86804
0.390205
1.10191
0.7325
-1.06686
1.5088
-0.374083
0.0395796
-1.55761
0.586986
0.569069
3.39959
0.0661366
-0.466712
-1.33119
-0.217133
-1.71462
0.177887
-0.681234
1.03829
0.340746
-1.25799
0.0184534
-0.604208
1.12883
0.0942701
-0.755199
-0.0240562
0.00109028
-1.45702
-0.162334
0.272784
8.67705
-0.870526
1.29941
0.0046204
-1.0524
0.219846
1.70463
0.170338
-2.09239
-0.17016
1.89151
-7.02111
-0.942839
-0.476593
-1.06491
0.644985
0.625965
0.639955
1.39776
1.17332
2.42079
-0.653172
-1.65448
-0.0789951
-0.397628
0.243352
-1.10629
-0.0501495
0.300911
-0.659262
-1.65255
1.27645
0.459313
-0.213042
-0.913995
-0.408813
0.832224
0.37948
1.04493
0.693218
-0.42513
0.0821113
-1.20022
-0.40807
0.0732414
-0.750838
0.599704
-0.748738
0.741024
-0.618785
2.15557
-0.843598
-0.397494
-0.792504
-0.208337
-4.26369
-2.0308
-0.936252
-1.39545
-3.65456
0.0181392
0.0744385
5.25173
0.296319
0.899299
0.0327996
-0.959507
0.283887
-0.283007
-0.148137
1.74007
-0.152391
1.58599
0.999427
0.622434
0.0719568
1.05756
-4.25256
0.578877
1.33978
0.968092
-1.43269
-0.362349
-0.467634
-2.31567
-0.258422
1.3606
-0.375245
0.193062
-0.209562
0.149272
-0.783755
-1.0736
2.52598
0.0514759
1.29656
-3.16558
0.406237
-0.00449678
-0.0506237
2.76575
-1.7778
-1.59376
-0.347098
-0.613509
0.443045
-0.728175
-1.91731
0.310917
-0.44244
0.629212
-0.260057
-2.51697
1.92331
2.9102
0.118633
2.62481
0.269249
0.0803726
0.0588518
-4.72228
0.450256
0.108454
-2.85289
1.49772
0.0318281
1.96177
0.245642
-1.58759
-0.0317003
0.247204
0.400683
0.525572
0.277033
0.383154
-0.811948
2.74962
-0.591252
0.50417
-0.274939
2.84886
-1.0178
-1.18152
0.440398
-1.32351
-0.188134
-1.32572
-2.77712
-0.0390551
-0.497669
0.372821
-0.400849
-2.60161
0.228804
0.0800099
1.3359
1.7128
0.68073
-1.5513
0.751677
-0.737967
-0.324311
0.568585
-0.906881
-0.610721
-0.483938
0.201803
3.02597
-0.461116
-0.191556
3.00594
-0.347832
-0.0397319
0.0272887
-0.792684
-0.330351
-0.187319
-1.62558
0.358809
-1.87243
-0.731745
0.448282
0.248583
-0.546259
-2.78678
0.649568
-0.516286
-0.847387
-1.07575
1.84144
-0.191022
-0.775601
-1.83405
1.8152
1.41623
0.250452
2.34323
-2.35779
-0.501038
-0.42596
0.744638
0.607837
0.471695
1.23168
0.321582
0.214528
0.238846
-1.57149
1.14579
1.15563
0.570248
0.228922
0.586041
-2.67351
0.521903
0.267054
-0.984291
-0.680729
1.81314
0.0380509
0.487292
-0.142197
-0.424779
2.19679
-2.02139
-0.407242
0.593332
-0.669889
0.081442
-0.998032
0.549116
1.81099
-2.99034
-0.707905
0.953392
-0.374196
-0.382373
0.181291
-0.810219
1.53226
2.19235
-4.3636
-2.6798
0.261197
1.70276
0.00867211
-0.326186
1.26534
-3.01802
1.24844
2.62798
-1.07821
0.1519
1.50011
-0.172648
-0.254329
-0.0405849
-0.100153
3.3989
-0.480161
2.6146
0.413774
-0.826034
0.0804309
1.96077
1.84604
2.67558
0.830686
-5.98149
-0.688907
-1.77523
-0.694631
-1.71213
0.065769
-0.230285
0.5967
-0.222896
-0.494552
-0.265432
0.257809
-0.0759111
-1.9579
0.34558
-0.56406
-5.68157
0.0127432
0.543981
-0.312888
2.06682
-0.666447
0.574642
2.8163
-3.80941
-0.556976
-1.96717
0.538328
0.0247657
-0.650657
-1.86424
-2.43742
1.27766
-0.386109
1.53653
-2.28584
-1.13804
-1.24348
-1.72749
-0.088298
0.792427
0.14382
0.350758
-0.0579928
-0.95469
-0.803768
-0.627092
0.653148
0.126186
-0.214574
-0.419343
0.0495446
-0.00200096
-0.0742282
1.78272
-1.86142
-1.08161
0.172349
-0.268504
-0.0616924
0.428321
0.451964
1.43405
1.58985
2.7889
0.431906
0.0178813
-0.18664
0.453601
-2.06586
3.95812
-2.29354
-0.413586
-0.715426
-0.923118
-4.19002
-1.74872
-2.80428
-0.23494
-1.80564
2.13723
-1.42768
-0.798947
-1.1301
-0.0389871
0.205038
0.0532841
1.22605
-0.95252
1.17202
0.116607
-0.113299
-3.12254
-0.451439
0.599995
-0.0784488
0.507945
-0.168069
0.0555723
0.597294
-1.11836
0.0586335
3.23057
1.1264
-0.262441
-0.816241
1.15785
0.554584
0.104553
2.25662
2.58838
-2.63872
-1.31414
-0.0728132
1.33913
-0.853169
0.0602705
0.480759
-0.073348
-0.141563
0.00736867
0.0677505
0.313474
-0.912429
-0.303972
0.297284
1.73326
-1.07668
0.742875
-1.69854
-0.212479
-1.35177
-0.341337
-0.645281
-2.24901
-0.812055
4.21671
0.939431
-2.1358
-1.0834
-0.191752
-0.523949
1.06385
-2.16635
3.96859
-0.389325
-0.243567
1.2754
-0.927524
3.14537
-0.646066
-1.00371
-0.733754
0.982867
-4.87264
0.932161
-1.61131
0.250385
0.103141
-0.615664
-0.231639
-0.435409
1.22716
-0.680545
2.46658
1.00964
-0.0479061
-1.09467
0.00522671
1.15345
-0.00986075
-3.87356
-2.09661
0.63572
1.31596
-1.06585
-0.291747
-1.26714
3.05544
0.834851
-0.872818
-0.196897
-0.0479833
-0.385194
-2.6921
-0.837943
-1.57819
-1.64073
-1.77294
-0.859354
1.35506
-0.420788
-1.68641
0.884276
0.398887
-1.13321
-0.632881
2.68355
1.18709
0.547051
-0.122821
0.182174
-6.12849
1.19253
-0.897957
1.85833
-0.320552
-0.816186
-0.678149
-1.14738
-0.301638
3.29515
0.220011
-1.28388
-0.623176
-1.95657
0.670988
-0.405779
0.0252284
-1.28811
0.265153
-0.693017
3.36971
2.03859
-0.654766
-1.66905
-0.753643
1.52687
1.4713
0.064523
-0.677252
-0.935142
0.457633
-0.691595
0.166533
0.132028
-1.4966
-0.167614
1.47049
-0.181784
0.519917
-0.910176
0.109151
0.0274029
0.575017
-0.280228
0.148691
-0.412447
0.451338
0.771341
0.584244
-1.41352
0.832745
-0.694953
-0.31628
3.26266
-0.345563
-0.624307
1.07706
0.341848
1.36926
1.19988
0.0154677
0.171847
3.34039
-0.323338
-1.70813
-0.706654
6.22548
-0.089441
-0.257828
-0.113737
-0.842208
0.4314
-0.771649
-0.931973
-1.64372
0.331509
1.31468
-1.45669
-1.27299
-1.33713
1.36053
0.269382
1.12039
0.285173
0.474136
6.2303
-0.261569
1.51566
-2.04242
0.777493
-0.651271
1.50244
-0.104026
-0.0679452
0.45683
-1.75978
1.28425
-2.25912
-1.0851
-1.37664
-1.27694
-2.51523
-1.41067
1.57757
0.773382
0.462265
0.914152
1.26558
0.144168
1.0559
0.21096
-0.283719
0.644735
-0.683175
-0.31618
-0.825746
0.870371
-0.222198
1.46911
5.18996
1.21576
-0.976927
0.723426
3.24966
1.54759
-1.74548
-0.376566
-1.42154
1.82032
1.96044
0.139859
0.0963814
-0.315112
0.0200403
-0.669068
-1.21452
-0.11927
0.203686
-0.0696864
0.485326
0.805111
-2.97512
-2.70975
-0.45802
-3.98299
1.95242
-0.285106
0.0237333
-0.0679916
0.231822
0.170825
0.171562
1.24917
-0.562095
1.44889
1.46549
-1.09457
-2.17648
-1.377
0.173895
0.125953
0.658941
0.173821
3.05247
-2.75155
-0.118813
-0.082401
-0.198276
0.242527
2.30368
0.29179
-0.443317
-0.111703
0.709487
1.7653
-2.60513
2.30595
-0.157333
-3.35058
-0.844839
-3.95098
0.719633
0.810335
-0.501056
0.349292
-1.53442
-0.93389
-1.45677
2.24513
-0.00595728
-0.134573
0.419229
-0.0142251
-0.435887
0.0659233
-0.909184
-0.263019
1.172
-0.833829
-0.62093
0.0941878
-1.33242
1.26669
1.03125
2.59073
-1.22834
-1.38227
-0.176447
-3.908
-1.25935
0.417695
-0.870966
-0.476882
0.868731
-0.89805
2.94771
-2.04028
-0.126628
2.15427
-1.5992
0.0350871
0.102446
-0.464359
-0.904935
-1.41532
-2.39478
-0.0119769
-0.319431
-0.111908
-1.28396
-0.887267
1.4145
-1.33249
-3.48921
0.178148
0.188426
-1.49798
0.0971809
1.21847
1.64747
-0.736479
-0.13656
-0.870218
1.32916
3.16878
-0.342853
-0.131432
0.113238
-1.32867
-0.812965
0.368176
-0.479402
0.944335
0.909939
-0.163272
0.868522
2.17196
0.061517
-0.474324
1.59014
0.237375
0.86611
-0.250645
0.866283
-1.05763
0.46653
-0.379733
-1.02202
1.62867
-0.587327
0.192945
-1.29783
-0.30099
-1.41225
1.15485
-0.100803
1.1603
0.719174
-3.9083
0.139979
-0.0601601
0.358617
-0.0692859
-0.160195
0.0220652
1.3931
-0.40917
1.21036
0.20556
-1.7722
0.0165299
0.0538882
0.312982
0.946173
-0.544304
0.432568
-0.794707
0.816514
2.30745
0.278668
0.0466694
-1.22795
-0.120682
-0.268029
1.51812
0.144147
1.19259
0.0269005
-0.502446
-0.162102
-3.09039
-1.13005
-1.43061
-1.76732
0.141258
0.908988
0.703755
-0.251671
-2.65188
0.13346
-3.63121
-0.853961
-3.23999
1.70376
0.4083
1.24244
0.234105
-0.507597
-1.80079
-2.85385
0.307201
-0.601394
0.505395
-0.79567
0.349568
-0.49788
0.541092
-5.95207
0.501377
-0.719732
-1.69301
-0.406272
0.422849
-0.768646
-0.51525
-2.68491
0.161999
0.856676
0.0528121
0.158684
0.873081
-3.55312
0.0299785
-1.36734
-0.538069
-0.861446
-0.391785
2.41856
-0.699627
-0.992767
0.582223
-1.09902
-0.0692344
8.54839
-0.210606
0.566196
-0.508119
-3.92969
0.267858
1.45113
0.53027
-0.236462
-0.275819
2.35761
-1.03766
-1.40748
1.0032
1.1377
-0.471641
-1.67361
1.04424
0.648416
2.4485
0.248941
0.866213
2.41429
0.8361
-2.37312
-0.900691
0.0661118
-0.982738
0.0439502
-1.42886
0.384153
-0.255753
0.490486
1.4001
1.64893
1.05525
0.85483
1.22027
-1.32132
-1.50226
-1.38356
0.315426
0.590153
0.611335
1.38593
0.426081
0.465053
0.25341
-2.46841
-1.72097
0.975609
-1.44628
-0.365389
-2.01166
-0.166099
-0.349104
-1.00516
1.24047
-0.527992
1.78163
-2.57046
-1.52552
-0.756528
0.483911
1.95396
-0.824621
-1.49997
-3.47116
-0.116454
-0.0730249
0.615387
-0.155488
0.13403
-0.696187
-0.380306
-1.00083
-0.637854
0.765226
-0.918372
0.727968
-0.308683
-0.101446
-0.179096
-1.02952
0.522643
2.69787
-0.610121
-0.0181696
-0.903794
0.308475
-7.8341
0.801679
-1.75737
-0.276766
0.137591
0.412545
1.03905
0.511434
1.42506
-0.13026
-0.0511155
-0.0240734
-0.873289
-0.326973
-1.16233
0.520028
1.19676
-2.73369
1.25657
0.644912
-2.19063
0.133877
2.38576
0.380749
0.38464
-0.918922
0.498261
-0.728212
-0.75939
0.875419
-0.738585
1.01942
-0.683451
-0.469302
0.495444
-0.0149163
0.513375
3.86179
-2.06293
-2.74746
-0.904901
-2.10045
-0.102679
0.837165
-1.00992
-0.705225
1.50018
-0.215479
-3.72751
-0.246872
-1.41962
-3.95225
-0.378101
-0.95009
0.514956
0.271442
-0.38757
-0.355999
-0.637117
-0.70148
-0.369957
3.26727
0.366406
-0.968319
-1.59528
0.15424
-0.0364077
-1.45005
1.8988
-1.00448
0.620416
-1.41982
0.860199
-0.327189
-0.863562
2.15209
-0.817542
1.05034
-0.48888
-0.00831479
0.0999527
-0.167984
-0.265509
-0.591322
-0.463355
-0.820611
-0.621585
2.26151
0.367436
1.2868
-0.655541
0.771526
2.9901
-0.0494343
-0.267011
1.00319
1.11735
0.651585
4.00897
0.704112
0.486771
-0.654969
-5.36118
-1.61158
-0.167242
-1.20575
0.301031
-0.826122
0.0943664
0.46501
-1.17756
-0.535088
1.27194
0.0447213
0.0393923
-0.0631328
-1.81728
-0.911908
-1.39124
-0.751512
-2.18126
-0.698519
-0.681042
-0.537461
-0.821859
-0.521731
0.647816
-1.02852
0.912093
-0.665186
0.57962
4.00616
0.182739
1.59783
-1.14392
1.33677
6.39877
-0.864379
-0.125753
-0.24158
-0.0467339
-0.435837
-0.425301
-0.874253
-0.579482
0.263787
-0.809969
-1.25449
-1.09326
-2.5836
-1.04146
-0.852912
-2.21056
-0.322305
0.0770056
0.98268
-0.930016
0.639992
-0.175675
0.0155568
-0.103408
-0.0886211
-0.668991
1.15831
0.00165053
-1.51745
0.169215
1.7991
-0.801499
-2.58798
1.89801
1.96348
-0.981535
-0.520728
-2.34801
2.75585
0.900481
-0.767452
-1.36139
0.553413
2.59336
-0.865889
-0.967758
0.340167
0.151192
-0.860524
1.32589
-0.0310002
-1.13205
-0.124847
3.12745
-0.362904
-1.00716
-2.35939
0.294347
-0.0353718
-0.501738
1.25545
-0.341121
-0.748412
-0.333903
-0.741326
0.158225
-1.28399
0.196091
-0.761233
-2.14234
0.737076
-2.71192
-1.93007
0.0968781
-1.53435
1.10664
1.0223
0.678953
-0.522635
0.832133
-1.33194
-1.5358
-0.420066
-1.0683
2.31902
-0.155309
-0.0867441
-1.97266
-0.133293
0.303687
2.25754
-1.36325
-1.12949
-0.924139
-1.33804
-0.0903016
-1.67845
-0.940663
-1.62558
1.2145
1.64074
-1.44161
0.551649
-0.473649
-0.524911
0.349017
0.831995
-1.23956
-1.79502
1.63722
0.584553
-1.04726
4.0561
1.30914
0.287466
-0.9479
1.8117
3.0704
-0.0161071
-0.382949
1.43064
1.9751
0.203016
1.13747
0.0149221
2.35332
-1.19427
0.0645324
0.543673
-0.376499
-1.40944
-1.88143
-1.48942
-0.211312
0.358834
2.22227
1.29
-1.62858
2.28002
-0.727208
0.128799
-0.0499994
-0.688669
0.498657
0.409395
0.805559
-0.030061
0.546605
-0.713543
-0.154953
-0.350123
0.215533
-0.345869
0.548982
1.82541
-0.597248
1.48205
-0.166876
0.228218
0.187767
1.27743
0.979239
-0.93908
-0.957595
3.26086
-2.5951
0.319525
-1.59948
-2.09704
-0.0523221
-0.757331
-0.282366
0.371754
0.279128
1.63128
0.326599
1.1963
-1.35026
-1.62775
0.401174
1.50306
-3.12931
-0.359059
0.674467
-0.517639
-1.21323
-1.35239
0.469743
0.736641
-2.19758
-1.29417
0.491477
-0.23032
0.450095
0.338575
1.72929
-1.48747
1.08039
0.537433
2.63144
-0.0906795
1.60322
-2.36381
-0.343424
-0.449056
-0.35617
1.00486
0.0828047
-0.0452948
0.00053074
0.116224
-1.42282
0.70677
-2.12408
0.106186
1.94589
0.495823
-0.243565
0.173093
-0.692056
0.469043
-0.933249
0.039929
-1.88256
-1.95138
0.963321
-0.263164
0.603024
0.124712
-0.906111
0.00108253
-0.245654
0.0869054
-1.32233
4.5818
-2.77059
-0.509633
0.382714
-0.643442
-3.24431
0.235842
0.175734
0.0493066
0.312909
0.193093
-1.00662
3.6862
-1.01524
1.6936
3.36736
-1.37911
0.805758
-2.09287
-1.30357
-0.911021
0.0842786
-4.45228
0.0927443
1.08183
0.14187
-1.08693
-1.53321
0.809272
1.17167
-1.9143
-0.193477
0.517866
0.112735
-0.481308
0.0976769
0.952928
-3.0755
0.172186
0.0417489
-1.26379
0.0703645
-2.91184
-0.593865
-0.70767
-1.37168
-0.523763
0.969222
-0.358782
1.38384
0.33973
1.35787
0.463627
1.75599
1.54563
1.08062
1.22734
2.10626
-2.19642
2.75244
0.676494
0.181709
-0.60664
-0.230182
-0.227472
0.535836
-0.126942
1.53608
1.71908
0.172035
-1.55598
0.49169
0.241233
-0.870112
2.22982
-0.119514
0.784334
4.56259
1.40181
-0.0419771
1.11765
2.41757
-1.03033
-0.105909
-0.676778
0.0335113
1.13042
-0.316889
1.75275
-0.816806
0.113251
-0.0137956
-0.541615
-1.32938
-0.125802
0.529498
0.907596
-1.20992
2.97823
-1.84553
0.601359
0.17107
4.892
-1.40252
1.97761
0.650918
2.9985
1.03154
-0.791735
-1.18295
-1.16519
0.330295
0.631242
0.415412
-3.33832
1.09918
0.532423
2.51309
2.20926
-0.036978
-0.0708768
0.48822
0.261632
-0.0401293
-1.30221
0.429093
0.125632
-1.44372
4.1779
-1.11891
-1.32613
0.210233
0.706179
-0.203136
0.990747
0.0876275
2.06185
-3.01828
2.95673
2.52257
-2.28133
-0.00738172
0.622829
-3.21389
1.11624
-2.42059
1.34518
0.527587
-0.441007
-0.719157
0.467646
3.4772
0.8371
1.75903
3.98586
-0.0764361
0.537418
0.677541
1.49476
-0.216993
0.966224
-1.40158
0.138104
-0.306745
0.191883
0.592867
1.19833
2.84896
0.060526
0.653837
-2.17376
1.24998
-1.1484
-2.82849
-0.536703
4.22802
0.556523
0.542341
1.34622
-0.398925
1.10057
0.467368
0.171697
-5.36496
0.0852779
-0.689191
0.209807
-0.796212
-1.63956
0.0578881
0.862867
3.07414
-0.33513
0.347259
-0.998532
-0.0680518
-0.00253417
-1.15106
-1.18754
-0.96956
2.12052
0.0901283
-1.60325
-2.54263
-1.50258
0.287202
2.9219
2.17396
-1.14366
-0.916299
-0.405505
0.634512
-0.363546
1.37641
-1.87151
0.595987
0.136591
0.825041
-0.0163977
-2.08706
-0.389368
-0.656248
0.945014
0.283283
1.58932
-0.129009
1.55925
-0.0777674
-1.62994
-2.13668
-1.40987
-0.581366
0.469013
-2.23687
-0.357567
2.1837
-0.0382227
-0.0594221
0.506053
0.0555242
-1.34144
-0.052388
1.60097
0.878347
0.807104
0.359837
0.305839
1.49273
0.599706
0.78926
0.919381
-0.0335719
0.182802
3.07583
-0.607192
-2.86533
-0.756302
-0.558565
-0.440879
-0.162052
0.601246
-0.325983
0.840223
1.64973
-0.241511
-3.3007
1.09913
-0.737857
1.5534
3.71322
-2.06428
-0.627123
0.117751
-0.506465
1.38789
0.739814
-3.02466
4.31302
0.490835
0.864793
0.162721
0.517271
1.20147
0.0380335
-4.16635
2.55258
0.0252014
0.0283252
-0.184413
0.44054
-0.0975237
-0.557183
-0.462033
3.89043
-0.47847
-1.53666
0.860828
1.24039
0.414604
1.9973
-0.197358
-0.48625
-0.243085
-0.133231
-2.79115
1.0461
0.266842
-2.19025
-0.0835449
1.20108
-0.160839
-0.376045
0.44888
-0.531546
0.51181
-0.743629
0.75738
-1.51796
0.864094
2.86871
0.0676971
0.966902
0.749012
-2.11652
0.677108
0.217692
-0.0860036
-0.783573
-0.647025
0.179888
-1.52187
0.786393
-1.95066
-0.0228902
-0.0849155
0.207208
-0.0387414
2.06433
-0.360272
2.9523
-0.192338
2.2651
-0.580935
1.48779
0.21139
-0.663599
0.64424
-0.252434
-0.517699
-1.00369
0.512646
2.05327
-1.26313
-0.0152515
-1.0917
-0.659032
-3.12914
0.221329
0.0845411
-0.435557
0.648002
-0.725463
2.18794
1.86945
-0.903054
-0.533308
0.0533714
-0.562928
-0.439718
-1.8898
0.388751
-0.0129547
1.11688
1.79917
-1.36251
0.134071
-0.229985
-0.0743094
-0.472081
-0.851338
-0.078262
0.0950666
-2.90635
1.3225
0.621507
-2.39322
0.267281
-1.0866
0.682634
-0.156056
1.93424
1.12378
2.41834
-1.16078
1.83722
-0.138098
0.700055
-0.714716
-0.257957
0.355146
-1.89645
-0.116043
-0.89459
0.241871
0.875156
5.64749
0.054672
0.559394
-2.59451
0.229106
0.0934791
0.689749
0.476838
5.72492
-0.278073
-0.878777
-0.179951
-0.476079
1.30702
1.57585
-0.00162146
-2.54735
0.561914
-0.0415843
0.812657
0.615636
0.475838
-1.5161
0.772885
-1.32102
0.0722583
0.153523
-0.187162
-1.55753
-1.81338
0.726403
2.21996
0.179553
0.0559361
0.150132
0.248698
-0.223061
-0.259151
5.20003
-2.25069
1.73272
0.600345
-0.0384238
-0.826676
-0.171794
-2.69509
2.26153
-0.82709
0.799052
-0.0875339
-1.14209
-1.35215
0.53786
1.28375
-1.2595
-0.592742
-1.06696
-0.0690516
0.988153
0.734517
3.63838
-1.81897
-1.44618
0.13493
-3.10119
0.17568
0.367791
1.98963
1.58816
-0.903963
-0.442373
-0.553172
-3.41102
0.221912
0.63732
0.573225
-0.674808
-0.0126847
2.37928
-0.14045
-0.0942647
2.18928
1.40488
0.442031
0.0789863
3.31664
0.653198
-0.0720452
-0.0838975
0.167387
0.184125
0.928317
-1.79994
0.401703
1.06436
2.1949
0.236917
-2.81832
-0.21219
0.477564
-0.91686
-1.26334
0.345687
1.21998
-0.416529
0.692272
-0.148246
-0.0198853
0.586534
0.468062
0.991993
-0.428353
0.0551475
0.85132
-0.423163
-1.14475
0.108798
-1.97601
-0.537047
0.0679053
0.0949249
-0.645836
-2.94514
0.287458
-1.11622
-2.4337
1.01689
2.0175
-0.998711
-0.85702
0.177876
1.21588
1.61934
-0.0648517
-0.116167
0.557765
-0.283617
-0.048727
-0.346341
-0.344718
-2.67608
-0.254878
2.53108
0.272115
1.27814
-1.20742
-0.767741
-0.495736
0.439545
1.35225
1.16591
0.88136
0.822314
1.3833
-2.79855
0.702701
0.531321
1.80979
0.0994194
0.273008
2.02644
-1.12398
-1.07905
0.450846
-0.673789
-1.50514
-3.45017
-0.833665
1.47685
-0.970179
-0.994596
-0.720405
-2.8079
2.20483
-0.0932932
-0.0493957
0.540289
0.80537
0.177983
-3.24383
0.65223
-0.923498
1.11522
-0.390537
0.741452
0.0114681
-0.103302
0.276972
1.00194
-0.805621
0.379128
-0.711342
-0.164016
0.0389217
-2.37322
-0.199075
2.23568
-0.392092
3.56564
1.61281
-1.03032
-0.41534
-0.511988
0.947862
2.01244
-1.09667
2.40875
-0.133526
-1.76825
2.64708
1.78251
-0.112715
-1.20516
1.06133
-0.0914392
-0.119779
1.13427
-0.183071
1.23411
-0.218304
-0.371349
0.45406
0.598621
-0.528329
-2.59467
-0.273817
1.81453
1.35594
0.157994
0.477246
0.618454
0.596972
-1.64414
-0.712833
1.06614
0.696411
0.667775
1.04411
-1.31005
0.00413383
3.21225
0.045537
0.851086
0.197104
-0.218756
-2.26917
-0.345224
0.183542
-0.0779007
-2.35795
-1.31044
-1.20485
-1.73371
-0.222516
-0.969687
0.556619
-2.67605
2.46346
0.354106
2.60408
1.76598
0.18039
-2.29695
1.28895
-0.123214
0.25978
2.31371
1.67308
-0.224439
2.80355
-0.537537
1.26001
0.0350508
-0.0875358
-5.99522
-0.643115
-1.0762
0.623153
0.917797
0.000462057
-1.71298
-0.492077
0.468404
0.131933
0.307279
0.587524
0.505501
-0.791628
1.28808
-2.29785
0.0222755
-1.13487
-0.392409
0.0523367
-0.382999
-2.22669
1.62223
1.96919
-1.00816
0.245988
1.90102
0.472859
0.250522
0.00614601
-0.381902
3.24963
-0.405284
0.521252
1.7298
0.387226
0.522317
0.703259
-0.416153
3.07179
-0.0489225
-0.137872
-2.8675
-0.814998
1.40591
-1.89171
-0.89355
0.12295
1.30418
-1.08204
-0.916028
-0.496201
0.968426
-2.20936
-0.555975
5.81321
-0.550767
0.255971
-0.711145
-1.61755
0.310974
1.90077
-0.0219349
0.15439
0.192043
-2.97914
1.54852
0.741366
0.186792
-0.722539
-0.88266
0.80562
-0.132481
-1.12322
-0.454092
-0.695373
-1.04577
-4.85198
0.796162
0.109428
0.325313
0.491602
-1.49595
0.686782
-0.273601
0.669139
0.110311
-0.860197
0.728045
0.973969
-0.297046
0.2704
0.131924
-0.494224
-0.0214437
0.416045
0.75058
-2.24015
0.150886
-1.08026
2.02921
0.046672
-1.53619
-1.43402
-4.14866
0.338182
-0.151592
0.113307
0.436081
-2.04634
1.34982
2.18039
-0.144117
-0.290252
1.82043
0.637739
-2.31085
2.84604
1.96803
0.501077
1.08701
-0.297913
0.671683
-0.796401
-0.110606
-2.41747
-0.0841685
0.0261816
-0.254897
0.0325441
-0.899073
0.900822
0.540821
-0.735154
-2.12407
1.28547
-0.299032
-0.990112
-0.569305
0.882641
-2.30386
0.445527
1.04028
0.108559
1.76475
0.695278
-0.436059
0.538595
0.923485
6.12173
2.67063
0.447652
0.488187
-0.377932
-0.871057
-0.872733
-1.10652
0.0754543
-1.66023
4.71432
0.0154088
-1.90454
2.57416
0.303397
0.0102554
-0.20318
0.859015
-0.425069
-1.38569
-1.10965
0.324953
0.594801
0.472056
0.0515908
-2.48236
1.18897
0.510866
-1.46896
0.215373
1.41821
-0.189381
-0.804603
1.36165
0.458632
0.136885
0.276817
0.183326
-0.0837187
0.127074
-0.846414
0.053362
-0.433445
-0.367465
0.328472
0.473014
-0.465124
-0.853065
0.694002
0.859754
-0.203206
-0.119378
0.089947
1.22392
-1.58525
0.183823
-0.105107
1.22083
-0.457613
-0.0643784
0.25948
0.915931
0.422809
1.29556
0.454804
-1.90564
3.02757
-0.148136
1.0412
-0.843266
4.7724
0.42719
0.366046
1.92471
0.135855
0.75561
5.2535
3.45531
-2.62857
-0.271652
-0.107777
0.780672
-1.13145
-1.22964
-0.0946511
-1.56618
0.733705
0.00501981
-1.1085
-2.16068
0.456822
0.615675
-0.196717
0.859915
0.608089
-0.973109
-1.14722
-1.52132
0.145482
-1.05677
-1.57048
1.41222
-0.480594
-0.583852
1.02602
-0.207579
0.59882
0.0628009
1.60835
-1.50451
-0.275965
0.349026
3.89866
1.03435
-0.88938
0.0996399
-2.28536
-0.324453
-2.12639
2.53046
-1.92747
0.200866
0.636904
-0.348866
-1.0975
-0.361891
-0.524202
2.88231
0.21509
1.92395
1.0206
0.839601
-0.498777
-0.054062
-0.558323
1.11924
0.444362
1.79822
0.547364
-2.30733
0.0450346
-1.32482
0.546252
-0.0548963
-0.145791
1.19358
0.627576
-0.616454
-0.581862
0.479877
2.44271
0.253508
0.788012
1.51476
-3.64081
2.46407
-2.52732
-1.1687
0.330861
-0.0267349
-0.238761
0.807749
0.80722
-1.44245
0.599524
1.40365
0.221285
-0.324101
-0.0659489
1.18181
0.489837
-2.76724
-0.0989626
-0.71314
0.498688
-0.795917
0.057474
-1.97932
-0.370609
1.59011
-0.069153
-0.914364
-0.298792
-0.219271
-0.0111946
0.181159
0.327042
-1.49116
-1.44812
-0.59364
-0.650574
0.128237
-1.01665
0.625918
-2.82024
1.72197
0.604474
0.0247559
-0.938742
2.13196
1.14301
1.36848
0.190853
-0.424345
1.39585
-1.50435
0.919588
0.841546
0.272235
1.65703
0.438631
-0.234223
0.959197
1.90179
-1.78398
-1.00318
-2.19506
2.18769
-0.431583
-0.0292697
-0.663337
-0.778216
-3.05788
0.600184
1.19112
-0.36563
1.54782
3.1488
1.42771
-1.32097
1.92343
-0.308775
-1.17129
-2.01039
0.367257
0.310106
-1.84153
-1.68682
-0.0938904
-2.09181
0.216591
5.45423
-3.37105
0.212611
-1.26057
0.726845
0.994333
-0.530157
1.08978
-0.766212
1.29984
0.250796
1.63449
0.93224
0.0044211
1.69191
0.0890946
2.99502
-0.0190551
-1.51707
-0.0455506
0.00602618
0.123201
0.164564
0.160609
0.880156
-0.0768898
-0.453023
0.0829773
-0.359859
0.465289
0.202376
2.08385
-1.0195
1.93592
0.178654
0.405235
-1.57119
-0.341386
-0.0173113
-0.913297
-1.00752
0.239967
0.48924
-0.630304
0.357203
-0.32523
-0.481974
0.800178
-1.21012
0.245391
-1.05625
3.03058
-0.0828745
-0.00103295
0.0753753
-1.6345
-2.43116
0.028891
-0.854054
-0.796983
0.0959076
-1.20405
-3.31611
-0.564907
-0.426988
0.394209
0.175079
-0.667394
-1.36981
-0.558732
-0.88032
-0.257044
-1.06483
-0.0146603
-1.25555
-0.342214
0.770068
-2.11544
-1.03221
-0.804595
-3.01238
0.457304
0.340854
-0.226551
-0.25015
-1.37081
1.82055
-0.240021
1.49101
1.91504
0.571226
0.54024
2.30169
-1.3911
-3.55265
2.08483
0.48696
-0.822691
-0.694374
0.159215
-0.361903
-0.882158
-0.0965807
-1.31527
-0.975068
-2.45932
0.757277
0.2177
-0.390553
-0.621393
-1.97217
-0.0427892
-0.0730037
1.48305
2.20442
0.00944265
0.99554
0.807238
0.928068
2.16968
-0.0895076
-1.48142
-0.889501
1.84441
-0.478989
0.411102
-0.00429447
1.36463
-0.32121
0.427513
0.825277
-0.119096
-0.253994
0.756356
1.78399
1.80592
-0.565384
-0.172862
0.179433
-0.0304567
0.788157
-2.00678
0.114942
-0.798629
0.696954
-0.607635
2.2855
-0.891915
-3.02282
0.0441198
-0.764356
-0.0200792
0.454739
-0.571719
0.0421597
0.0384558
-0.00159132
1.89318
-1.86522
-0.581974
0.125611
-0.973316
0.264881
1.42569
-0.234924
1.70534
0.822631
4.00779
0.302612
0.0139973
0.431595
0.570279
0.863636
-3.0491
-0.466003
-1.26035
0.28386
0.914297
2.83718
-0.27933
-0.00717964
0.683193
0.450827
-0.255134
3.26416
0.66978
0.652572
0.204447
-0.504375
-1.62743
0.204967
0.237369
2.05861
2.13665
1.6736
-0.149679
0.645582
-1.67963
1.34387
1.08056
1.47576
2.04756
2.46398
0.116614
0.719178
0.305194
-2.08289
-0.858879
-0.909542
-0.567416
-1.27255
0.716058
0.240099
2.04183
1.16911
1.15504
0.661318
-0.157947
1.65961
2.05896
-1.22586
0.210954
-0.355579
-0.856105
-0.0434588
-1.43982
-0.931769
0.509273
0.597395
-1.31097
0.417275
0.201132
1.00314
-1.22391
-0.492758
0.941207
0.358857
-0.240668
-1.69032
0.127253
-0.492544
-1.07904
-2.01389
2.17565
-0.605741
0.260155
-1.75486
0.745171
0.210602
2.60863
1.33545
0.325685
0.0245162
-2.96897
-2.20276
0.0839473
-1.49762
1.55664
-0.500478
-0.535808
0.35947
0.144721
-0.270702
-0.477873
-2.8682
0.288925
0.894381
-2.86649
-0.931444
-0.339715
-0.861953
-1.07324
0.289443
-0.545106
-0.414391
0.0632077
0.418845
0.0895009
1.86945
-2.17517
0.491631
2.63374
-0.426815
1.05713
-0.0416564
3.1918
2.77851
-0.277119
-0.433564
0.595333
-0.446154
-0.29433
1.49721
-1.16823
0.18137
0.0524088
0.340467
-3.7204
0.215974
-2.30661
0.259291
3.7629
1.8527
2.24237
-0.0677474
-1.40055
-0.665854
-0.262919
2.62659
0.811951
-0.924659
-0.402446
1.35854
0.642612
-0.468421
-0.526083
-0.0629141
2.18946
-2.76447
0.238012
-0.869117
1.13306
0.429413
0.990192
0.322505
2.16764
-0.259108
-2.09338
0.497736
-0.0445959
-1.57942
-0.543678
-1.04749
-0.836117
-1.08574
1.60021
-0.614123
-4.01211
0.599854
0.492965
-4.8405
-4.4932
0.429692
-0.556755
-4.20568
-0.632685
2.28292
-0.348364
-3.65528
2.50826
-0.579028
-0.148036
1.78792
-0.493052
-0.442582
0.274966
1.84712
0.85747
1.20531
0.98101
-0.48629
1.6838
-4.79882
-0.703514
2.0308
1.33568
-1.01861
-7.62553
-0.512825
1.78744
1.95292
0.107175
-3.64912
3.59143
0.897931
1.46252
1.51237
0.667324
-0.741004
-0.510993
0.30441
-0.628495
-1.97029
0.983596
0.967622
-1.45182
2.04127
-0.0443
-0.42145
1.28438
3.51312
0.717545
-0.467072
0.115802
-0.374278
1.10958
-0.470716
0.0366385
0.195621
0.0220278
0.0881407
0.724854
-0.140373
-0.165266
0.772224
2.01694
0.693483
-0.415104
0.828382
0.0673434
0.710636
-0.209945
0.0641268
1.51704
0.282723
0.866501
1.21282
1.79401
1.07828
1.02166
-1.4175
-1.93964
-0.39555
-0.180701
0.62678
1.16925
-0.332805
5.21951
1.34373
-0.644743
0.340837
-1.22458
0.638283
-1.73551
2.54661
0.69647
0.622661
0.714278
2.88234
0.797282
-0.0390105
-0.45859
1.18046
-0.117615
-0.974888
0.361058
0.204956
-0.0305541
0.484884
2.92331
1.48335
-1.43682
2.25933
