Suma_Uniformes
0.849309
0.496562
1.87994
1.53054
0.632515
1.40136
1.19861
0.489243
1.68073
0.339007
0.574598
1.13944
1.36386
1.04613
1.40737
0.358677
0.973553
1.12732
0.705808
1.01665
0.247632
0.704116
1.10779
0.895083
0.387065
0.673802
1.75042
1.6885
1.78742
1.02154
0.898102
0.491055
0.590702
0.85529
0.712345
0.673719
0.539546
0.479491
0.292154
0.723719
0.803533
1.21879
1.21368
1.09802
0.476646
1.0498
1.28712
0.995009
1.22116
0.450288
1.9157
0.693799
0.983455
0.317178
1.87131
0.142827
1.0169
0.164823
0.484306
1.02296
0.937173
1.09456
1.55213
1.01
1.42566
1.71724
1.02111
1.05643
1.16951
0.538453
0.690723
1.43776
0.89059
1.61758
1.14914
1.38403
0.518672
0.851292
0.892176
0.879339
0.235176
0.506261
0.813963
0.79886
0.940607
1.03893
1.26164
1.10333
1.1996
1.07072
0.594421
1.80736
1.01448
1.48162
1.18221
0.725143
1.34739
0.988284
0.957615
0.758373
0.620604
1.80904
0.66147
1.4947
1.77876
1.19363
0.872759
0.585935
1.0003
0.708619
1.93902
1.10947
0.377881
1.09782
0.847763
1.80989
1.06319
1.0044
0.626914
0.433153
1.20485
0.814572
0.77224
1.90917
0.996442
0.409759
0.735062
0.0658489
1.4989
1.04926
1.21771
0.498482
0.825805
0.986777
0.446199
0.485025
0.70031
1.22911
1.11877
1.74815
1.12233
0.0704412
0.652913
1.47781
1.32653
0.415329
0.837314
0.881218
1.43068
1.66877
1.0824
1.28872
0.978982
1.6353
0.807753
0.720277
0.387607
0.254958
0.77129
0.432937
0.579137
1.50569
0.738022
0.736126
0.946019
1.48135
0.76717
0.164801
0.999215
1.08056
0.428016
1.01955
0.223593
1.24451
1.28429
1.56844
0.403186
0.733515
1.86238
0.934183
1.66384
0.871759
1.10943
0.757321
0.81582
0.828668
0.665923
0.826552
1.14232
0.755704
0.698416
1.01262
1.18502
1.52841
1.15574
1.77901
1.18656
1.80826
0.0924952
0.86268
0.953013
0.432122
1.63536
1.35665
0.791763
0.67651
1.02449
0.151723
1.21497
1.69059
0.80089
0.776087
0.376958
1.33473
1.47646
1.11756
1.26135
0.426435
1.06451
0.867362
1.63828
1.34429
1.23588
0.98649
0.53109
0.920293
1.55548
1.06523
1.03573
0.843054
1.09911
0.490845
0.629898
1.33223
1.41335
0.436272
0.704703
1.22532
1.21537
1.48297
1.20227
1.41267
1.16154
1.34165
0.807849
0.482052
0.238436
0.349208
1.01298
0.837804
0.80811
0.661028
0.344253
1.23999
0.505008
0.300254
0.154538
1.6773
0.738509
1.45798
1.55683
0.586654
0.653277
1.12143
0.988623
0.434365
0.349984
1.30563
1.01034
0.331708
0.553909
0.21849
1.0503
0.38633
1.39266
1.22752
1.26476
0.401794
1.04917
1.37408
0.851604
1.04252
0.322265
0.604804
0.648851
1.71736
0.843009
0.895174
1.49802
0.241788
0.681989
0.652792
1.14362
0.770887
0.801438
0.332464
1.63916
1.11444
0.707389
1.19194
0.869866
0.621954
1.25939
1.51
0.396629
1.16268
1.58985
1.61599
0.61605
1.33534
1.34587
0.111201
0.917532
1.0249
0.111815
0.628774
1.48647
0.754503
1.1439
0.869029
1.14617
1.56231
0.438167
1.72168
1.77914
0.400056
0.734778
0.565422
1.22391
1.21279
1.71134
0.722509
0.567813
1.10063
0.83605
0.916405
1.66303
1.54878
0.505982
0.509971
1.35657
0.929142
1.20412
1.08186
1.47057
1.03526
1.16253
0.0167026
0.627059
1.1314
1.73324
1.37083
1.13342
0.329605
1.63331
0.747904
0.853149
1.38534
0.766145
1.29946
0.810881
1.08999
0.121862
1.12648
1.4277
1.34267
0.81546
1.10314
0.717949
1.41682
0.53026
0.59822
1.10001
0.474598
1.12756
1.49221
1.25009
1.24761
1.36128
0.475311
0.740403
0.641345
0.680271
0.540859
0.943836
0.577044
0.505795
1.0444
0.20385
0.425253
1.45279
0.388238
0.638635
0.683935
1.22858
1.0635
0.268577
1.05003
0.303797
0.914628
1.25224
1.007
1.32021
1.11645
0.863498
0.661929
1.29265
1.35421
0.543853
0.92219
0.907667
1.13402
1.06292
0.939829
1.13897
1.73825
1.43963
0.808744
0.758721
0.706828
0.982287
0.856724
1.03388
1.60983
1.18056
0.523782
1.49316
1.16725
0.864139
0.691866
1.38732
0.472694
0.760523
1.01729
1.14114
0.213972
1.38919
0.955882
1.33379
0.645161
1.08243
1.71633
0.887234
0.63834
0.903581
0.345504
1.01006
1.06543
1.04677
1.25378
0.0462407
0.751023
0.471824
0.863907
1.09664
0.586693
0.456722
1.21507
1.06151
1.17925
1.14619
0.474558
0.56826
1.91515
0.307087
1.22532
0.774692
0.376467
0.855747
0.422414
0.629654
0.79171
0.781235
0.939806
0.773928
1.47813
0.743737
0.311054
1.17728
0.893426
1.15173
1.14774
1.11986
1.70416
0.540947
0.3183
0.741139
1.72227
0.376811
1.44534
1.48465
0.849214
0.670157
1.81141
1.15065
0.79241
1.09104
0.937579
0.610089
0.311681
1.21617
0.623918
0.518725
0.460362
0.884531
0.489859
1.09603
0.989698
0.791161
0.805765
0.320507
0.136082
0.436457
0.699302
1.23792
0.39339
0.516623
0.841414
1.65338
0.896585
0.995793
1.10762
0.792144
0.688647
1.40956
1.50371
1.12144
0.816419
1.66055
1.21805
0.975733
0.556751
0.93962
1.9868
0.545615
0.610063
1.29394
0.325756
0.755988
1.54106
1.11081
0.917491
1.18695
0.262637
1.59119
0.839901
1.27779
0.362589
0.745487
0.978633
1.57113
0.659295
1.01571
1.59429
1.58911
0.300285
1.89531
1.30028
1.47656
0.387938
1.54647
1.27346
0.539352
1.35929
0.803757
0.690453
0.388971
1.0419
1.09247
1.8593
0.797136
0.764418
0.969729
0.796898
1.17738
1.44204
0.506638
0.749736
1.11042
1.31017
1.0047
1.50949
1.37839
1.5746
1.88256
1.09806
0.947507
0.398398
0.658455
1.18116
0.711076
0.799368
1.05912
1.34954
0.731888
1.44654
1.08789
0.543666
1.48293
0.0661937
0.222907
1.19281
0.440895
1.97198
0.77528
0.721387
1.68109
0.224129
0.581939
0.769419
1.83053
1.82609
0.607365
1.19831
1.2172
1.39464
0.75707
1.49254
0.892178
0.665413
0.160555
0.883072
1.69135
1.30047
0.805706
0.95583
1.37535
1.29826
0.859274
1.92571
0.942607
1.49984
1.45802
0.921768
0.993589
1.42161
1.24993
0.99649
0.752569
0.653388
0.987201
1.05986
0.621989
0.756402
1.17395
0.893103
1.04955
1.21282
1.51577
0.285234
1.05934
1.39161
0.630501
1.27711
0.2858
1.0029
1.2394
1.49404
1.23355
0.438359
0.412108
0.738892
1.13243
0.922675
1.24225
0.286628
0.318452
0.970625
1.0688
1.13509
1.23496
1.2604
0.621365
0.45691
0.668737
1.11184
1.31338
1.21985
1.75718
0.806025
0.884662
1.06584
1.06012
0.72034
1.1936
1.2207
1.73126
1.01231
1.06636
0.814066
0.702099
0.6001
0.512338
0.757231
0.579121
0.365095
1.05469
1.18024
0.764559
0.135558
0.825171
0.562053
1.15602
0.408717
1.51298
0.608571
1.04087
1.10298
0.792331
0.421312
0.898391
0.507153
1.09621
1.51693
1.02276
0.959745
1.69094
0.434479
0.611973
0.814958
1.1628
0.452603
0.776959
0.932875
0.814582
0.330417
1.28069
0.155794
1.91501
0.407026
0.735366
0.861941
1.58059
0.935473
1.38069
0.562656
1.13924
1.2756
1.23206
0.353816
1.21474
0.486023
0.871677
0.883
1.67992
1.0635
0.999686
1.20634
0.787148
0.741148
0.879552
0.77498
0.389324
0.126169
1.82778
0.89084
0.412534
0.481139
0.584727
1.01986
0.665187
1.85718
1.64641
0.796962
0.912759
1.53562
0.707463
1.27118
0.714694
1.06874
1.31824
1.37135
1.35592
0.805382
1.01225
0.888958
1.23947
1.15218
1.05357
1.39033
1.25094
1.27743
0.134878
0.95958
1.12268
1.08844
0.17534
0.177048
0.386603
1.20308
1.25295
0.727911
0.938093
0.97412
0.466721
0.600599
1.1452
1.50953
0.994139
1.38617
0.748435
0.864162
1.28478
1.84778
1.31091
0.855955
1.1072
1.26918
1.05799
0.935749
0.816918
1.37606
1.14897
0.566807
0.972198
0.736164
0.454386
0.119096
1.22077
0.52653
1.06045
0.835374
1.02234
1.45206
0.796346
0.682768
0.70557
1.53758
0.871782
0.986333
0.159423
1.65976
0.759061
0.671936
1.35959
0.95766
1.22308
0.945258
0.750772
0.997388
0.667401
0.587302
0.606286
1.27456
1.11026
0.488369
0.74696
0.578745
0.978776
0.966061
0.914428
1.10984
1.09568
1.24987
0.880365
0.641735
0.899175
1.11714
1.82404
1.14024
0.708922
0.799609
0.838194
1.2314
0.608691
0.926019
0.992879
0.297436
1.45003
0.809216
0.337056
1.05136
0.771128
1.07899
1.32092
0.609639
1.25668
1.04016
1.10971
0.160486
0.448287
0.741472
1.35687
0.956761
0.755664
1.21497
0.414402
1.58539
0.892096
0.605826
1.5063
0.749782
1.83362
0.803795
0.652653
0.70619
0.962403
1.18535
0.512153
1.12853
1.13754
0.312973
0.939569
0.379866
0.212208
0.680474
1.03738
0.808713
0.821121
1.47888
1.14951
0.624755
0.701764
1.01843
1.07924
0.273556
1.59049
1.30645
0.262524
1.19967
0.639323
1.10273
0.817405
0.668828
0.966831
1.0878
1.35828
1.15893
1.402
1.26106
1.53192
0.791997
0.42056
1.52933
0.947443
1.09808
1.63266
1.20018
1.07994
1.7685
0.713205
1.41668
1.47192
0.13391
1.24383
1.19539
0.618912
1.00142
1.35069
0.605128
1.06344
1.27731
1.06794
1.57637
0.403123
0.975874
1.473
0.676228
0.886783
1.32969
0.18724
1.40449
0.80115
0.977712
0.820852
0.980844
1.13349
1.25536
0.589093
0.502231
1.41831
0.62605
1.28196
0.419693
1.90339
0.662101
1.55517
0.857734
1.0658
1.92095
0.440968
1.17571
0.693446
0.501907
1.25456
1.36167
0.693416
0.653453
0.170603
1.13197
1.47183
1.24164
0.762138
1.1626
1.70675
1.37446
1.03696
0.812107
1.33851
0.877767
0.434219
0.520956
1.05542
0.539182
1.13512
0.709978
1.29377
0.653962
0.466201
0.538209
0.628359
0.624126
1.33649
0.395923
0.531626
0.838439
1.67504
1.08308
1.00049
0.175929
0.828041
1.03302
0.703461
0.945934
0.442296
1.32327
1.13157
0.93699
0.774572
1.23411
1.08334
0.770406
1.76617
1.12414
0.913137
1.58844
1.41312
0.127665
0.570613
0.828005
1.44567
0.879291
0.878535
0.561781
1.13303
1.38683
0.842754
1.69513
1.36243
0.779185
0.508446
0.863378
1.0779
0.506737
1.44822
1.49663
1.06527
1.44345
0.945245
1.5125
1.08015
0.687291
1.00186
0.847832
1.85849
1.36604
1.19569
1.14931
0.875616
0.772024
1.43975
0.29592
0.465502
0.611869
1.17736
0.427185
1.86544
1.07751
1.23893
0.551163
0.482452
1.38841
0.814173
0.434412
1.64949
0.911101
0.786765
1.23544
0.653568
1.22526
0.635627
0.109089
0.365122
0.575003
0.602934
0.993412
1.07167
0.475684
0.227933
0.549726
1.02149
0.912307
1.04881
1.12052
1.50936
0.849133
1.14291
1.32513
1.35432
1.10127
1.62522
0.972664
1.24694
1.22035
0.932943
0.929497
0.897948
1.05664
1.63187
0.649634
1.61177
1.62761
0.638486
1.04101
0.753191
0.751124
1.50955
1.76048
1.46003
1.05431
1.62031
1.61429
1.00355
0.707312
1.45635
0.501108
0.967196
1.0272
0.921233
0.760742
0.670037
0.334033
0.494492
1.21411
0.224993
0.882455
0.652665
0.978943
1.45522
0.948709
0.67109
1.73664
1.55586
1.3382
0.809729
1.26311
1.58032
1.44236
1.5235
0.940535
1.5705
1.34439
0.732042
1.13695
1.33831
0.706582
0.78105
0.90259
1.78514
0.875288
0.72928
1.5544
0.352061
0.488546
1.92381
0.462434
1.14478
1.45377
0.688087
1.44738
0.480958
1.14829
1.53083
1.57834
0.859216
0.953651
0.188562
1.72804
0.962503
0.333958
0.436402
0.105384
0.160911
1.43459
0.734381
0.881384
0.894629
0.972168
0.865396
1.23159
0.943024
0.711965
0.818066
0.977971
0.880868
0.861565
0.945097
1.39886
1.01755
1.17227
1.26229
0.368676
1.39707
0.204727
1.57715
1.56354
0.8106
1.43153
0.548642
0.996207
1.66009
1.17265
1.03123
1.59161
1.04703
0.87464
1.09405
0.381231
1.06121
1.42406
0.897355
1.0628
1.65804
0.982848
0.612668
0.884166
0.898162
0.792811
1.01414
1.35185
1.51228
1.34695
1.29426
1.36062
0.850082
1.19841
0.68238
1.56693
0.2298
0.798716
0.785852
1.36801
1.40013
0.981234
1.76457
1.03466
0.975951
1.56148
0.597768
0.426719
1.32419
0.681784
1.09273
1.11191
0.891162
0.480044
0.358244
1.48712
1.59725
1.44138
0.768502
1.51344
0.797362
0.787871
0.851973
1.27576
0.810728
0.691784
1.34475
0.856867
1.50463
0.930794
1.13808
0.955651
0.949888
1.05308
0.997021
1.75803
1.45719
1.64323
1.80201
1.66491
0.706676
0.547668
0.983522
0.887867
1.59627
1.35039
1.21909
0.613256
1.19106
1.33354
0.242685
1.08147
1.19736
0.159052
1.17162
0.383721
1.3491
0.491855
1.29055
1.33084
1.24123
0.617661
0.640741
0.736865
1.49273
0.544061
1.09152
0.463553
0.448671
0.936531
0.790394
0.546765
1.08356
1.21201
1.63249
0.669814
0.814987
0.772575
0.950563
1.70347
1.40405
1.11918
0.744977
1.19006
1.00447
1.94014
0.320564
1.22271
0.851124
0.689535
1.00055
0.76648
0.495184
1.69565
0.486976
0.765162
0.570046
0.74613
0.714978
1.27495
0.620295
1.69279
1.55723
0.0938133
0.569279
1.23656
1.75178
1.06183
0.256224
1.08629
1.94742
0.631811
0.437197
1.5923
0.435265
0.819638
1.06128
0.576546
1.08289
0.684444
0.75756
1.01003
1.2674
0.826479
1.70994
0.480977
1.52731
0.861057
1.11596
0.477398
0.952293
0.688667
0.176313
1.14258
1.85223
1.49003
0.746963
0.848599
0.843808
0.82608
1.71505
0.405778
1.33127
0.771394
1.59956
1.69711
1.83216
1.81726
1.25851
0.244193
1.10156
0.563095
0.990688
1.01629
1.34178
0.838661
0.844415
1.21411
1.54678
1.16607
1.41014
1.69354
1.65173
0.806825
0.7083
1.04885
0.71268
0.948351
0.703953
0.633426
0.670852
0.613108
1.01975
0.256076
1.19123
0.709252
1.32104
0.466817
1.41582
0.809823
1.75649
0.304541
0.803443
1.10105
1.18754
0.899605
1.41334
1.25941
0.192474
0.221177
1.5909
0.932535
0.821571
0.674854
1.1012
1.51899
1.55633
0.195194
1.21917
1.08171
0.541702
0.916006
1.35166
0.920502
0.507205
0.933026
0.459079
0.778529
1.61773
1.09904
0.467625
0.49084
0.643828
0.481291
0.638459
0.184598
0.496093
0.915832
0.879122
0.619524
0.674654
1.86719
1.16953
1.04443
1.09859
1.11411
1.05441
0.733543
0.0627527
0.91637
1.00018
1.13857
0.666332
1.63771
1.04651
0.973747
1.72784
0.945985
1.11877
1.06214
1.12479
0.502829
0.884023
1.44266
0.896086
0.613658
0.387252
1.53757
0.847842
0.283377
1.36732
0.710513
0.838608
1.37305
0.217311
0.659494
1.18691
0.880969
0.813301
0.850645
0.524864
1.32058
0.921408
1.42818
1.13712
1.87907
0.925755
0.208247
0.311556
0.646546
0.844683
1.52735
1.82936
0.757857
1.30504
0.341914
1.29674
0.731546
0.97523
0.555815
1.41879
1.27741
0.373828
0.384066
0.425072
1.50945
1.44493
0.65345
0.182721
1.14666
1.27571
0.514461
0.699083
0.470724
1.75879
1.03444
1.10439
1.07098
0.260912
1.11819
1.31796
0.853055
1.74435
0.742093
1.21041
1.01569
0.751305
0.575967
0.298751
0.183438
0.759268
0.68502
1.406
1.29208
1.52869
0.781552
1.895
0.204038
1.28728
1.56084
1.58892
1.02262
1.37964
0.985573
1.25026
1.05176
0.358401
0.786534
0.0359839
0.657776
1.56611
1.01974
0.624197
0.873551
1.4395
0.5333
0.652112
0.280577
1.02454
0.497044
1.24632
1.23728
0.801254
0.457951
0.993038
1.01531
1.51185
0.726902
0.830742
0.326707
0.959595
0.98745
1.45688
1.61578
0.315211
1.48168
1.18981
0.825949
0.671151
1.69226
1.88204
0.932859
0.536797
1.00831
1.24951
1.25021
1.36685
0.1227
1.09034
1.43247
0.418241
0.844203
1.73871
1.25027
0.585627
1.56142
0.722459
1.10592
0.765391
1.1499
0.511424
1.08259
1.12323
0.602499
0.87627
0.985276
1.04374
0.71438
1.26454
1.07123
0.999591
1.31601
1.71707
0.965583
0.946303
1.00221
0.479007
1.08045
0.706353
0.892992
1.1725
0.769679
0.59174
1.58682
1.11356
1.81209
1.32335
0.349911
0.283604
0.396148
1.24319
0.423937
0.35797
1.36697
0.910011
0.598817
0.743993
1.20687
1.84536
1.66519
0.824411
1.34084
0.752219
0.7426
0.671932
1.14183
0.973022
0.961801
1.48984
0.696933
1.21984
1.28659
1.46781
1.291
1.45701
1.13305
0.87426
1.17079
1.03959
0.691126
1.66218
0.711841
1.75209
0.894356
0.614213
1.25621
1.39212
1.5173
1.53687
1.10823
0.866918
1.36904
0.622891
1.81181
1.31721
0.954132
0.368438
0.301882
0.657788
1.20212
0.396635
1.57647
1.00875
1.39055
0.947126
0.633084
1.06215
0.836881
0.904857
1.51301
1.29505
0.620242
1.46662
0.964466
0.854408
0.966448
0.466918
0.602387
0.883199
0.877343
1.39152
0.578332
1.32242
0.929703
1.37966
1.36549
1.54465
0.668378
0.440352
0.742377
1.14774
1.88491
1.63239
1.87511
1.31216
0.666672
1.10811
0.554414
0.160101
1.57174
0.862014
0.153773
0.728873
1.0636
0.774949
0.532707
0.139301
0.952329
1.09948
0.926112
0.958086
0.753383
0.629942
0.516117
0.926253
0.343984
1.1358
0.520865
1.52632
1.06513
0.714783
1.51473
1.35646
0.763672
1.22574
0.995153
1.24938
0.692509
0.776132
1.24502
1.23521
1.27993
1.33537
0.580214
0.795788
0.32418
1.10117
1.12893
0.965023
1.00786
0.821815
1.57987
1.70947
1.73297
1.4732
0.967854
0.199052
1.07206
0.408329
0.333639
1.01163
0.962622
1.21122
1.38781
0.839636
0.838334
1.4437
1.27074
1.19613
0.595562
1.59331
1.15598
1.02918
1.06435
0.767738
0.967699
0.709111
1.14737
1.09609
0.758447
0.922124
0.277664
1.74448
0.894273
0.90577
1.28405
0.421507
1.07984
0.973758
0.551899
0.0755965
1.08003
1.50468
1.14717
0.946656
1.31751
0.608602
0.698836
1.21321
0.936326
0.910903
1.15607
0.561122
0.55935
1.65128
1.11432
1.66669
1.50888
1.18297
1.04319
0.960596
1.13828
0.931084
1.0402
0.0831186
0.784006
0.684877
1.21869
0.479104
0.816209
0.595574
1.51995
0.334345
1.13218
0.336528
0.906522
0.591708
1.08834
0.967208
1.26534
1.42064
0.568886
1.31463
1.27064
1.37406
1.63082
0.898524
1.49708
0.539102
1.12183
1.03192
1.37979
1.16666
1.52588
0.540623
1.3
1.04869
0.937575
1.69307
1.4948
1.29614
1.15224
1.76342
0.597271
1.14817
0.774116
0.666919
0.889834
1.48359
1.35932
0.940613
1.39937
1.31664
1.22393
1.13762
0.922991
0.863839
1.10197
0.698446
0.708832
0.969104
0.646047
1.58108
1.29826
1.09805
1.14708
0.364563
0.686235
1.15072
1.15904
1.71922
1.21586
1.15026
1.00534
1.40763
1.73649
0.857447
1.21877
0.556067
0.921491
0.989333
1.06661
0.229522
1.01876
1.58213
0.966864
1.13283
0.545359
0.594612
0.972227
0.823244
0.8868
1.08128
0.874883
0.889753
1.12837
1.23107
0.385089
1.72786
1.83381
1.10182
1.21437
1.80696
0.846202
1.17324
0.444281
1.1
0.546677
0.734615
1.11888
1.65538
1.03858
1.78871
0.586407
0.808616
1.3261
0.678705
0.513685
0.508585
0.0948756
1.06375
1.01431
1.45619
1.22082
1.44264
1.18406
1.07927
1.10151
1.20967
0.458172
1.46604
0.945756
1.32478
0.577894
1.01541
1.00672
1.548
0.702331
1.36699
0.692694
0.73908
1.39823
0.762021
1.02148
0.608609
0.8747
0.611788
0.403516
0.400384
1.31836
0.720247
1.28476
1.19286
0.291321
0.458509
1.0667
0.304718
1.60797
1.61538
1.90533
1.33442
1.55259
0.792563
0.79465
0.206944
1.08622
1.0632
0.77298
0.814506
0.909319
1.15849
1.49291
1.49819
0.968044
1.16225
0.399178
1.52024
1.44035
0.298921
0.774704
1.32915
1.42022
0.644737
0.595409
0.966496
0.98093
0.43921
0.561482
0.976053
1.56848
0.568779
1.64354
1.51436
1.49094
1.60696
1.25617
0.948212
0.402019
1.59708
0.215916
0.638661
1.13053
0.772084
0.376937
0.32638
0.599
1.63308
0.91039
1.31986
1.83486
1.31241
1.05385
1.03904
1.49212
1.07634
1.59987
0.873734
0.801938
0.221209
0.535719
0.0864097
0.751116
1.41592
0.288464
0.469484
0.979767
0.597857
0.866048
1.19237
0.784146
1.44497
0.919924
0.566733
0.977343
1.02607
0.927315
1.43134
0.834173
0.914802
1.69084
0.290046
1.18634
1.20749
1.2788
1.32048
0.958804
0.425157
1.45765
1.23702
1.14656
1.44208
1.70332
0.748995
1.48775
0.547915
0.488944
0.873828
1.09367
0.524498
0.958048
0.263447
0.483552
1.10727
1.0273
0.47134
1.12145
1.0985
0.961339
1.19778
1.47523
1.44448
0.669863
0.707546
1.85386
1.43507
0.733981
0.441205
1.81383
1.06466
1.68829
1.47077
0.960751
1.21474
1.50272
0.790653
1.42461
0.569964
1.2787
1.53061
0.621583
1.07329
1.23201
0.26291
0.56281
0.509141
1.83207
0.824981
1.0959
0.754275
1.19795
1.36022
1.11707
1.18757
0.345791
1.5376
1.53854
0.563821
0.965209
0.938433
1.09233
1.45744
1.62458
1.22135
1.54968
1.19407
0.57971
0.714085
0.847416
1.33111
1.34315
1.11236
1.02095
0.437537
1.72735
1.27661
1.29848
1.04457
1.14239
0.855128
0.852395
1.16184
1
1.05669
0.723776
1.71168
1.8272
0.453126
0.344686
0.997222
0.893268
0.301293
0.685647
0.156446
0.630163
0.327824
0.917907
1.49305
1.50403
1.4979
1.0021
1.4088
0.392561
0.989969
1.29344
1.42582
0.618951
1.47726
0.881999
1.13437
0.426926
1.676
1.47767
1.27281
0.952117
0.646872
1.49022
0.665377
0.618173
1.34029
1.12363
1.18253
0.841822
0.793936
1.01509
0.587439
0.828376
1.66917
1.40902
1.1863
0.702575
1.06761
0.981682
0.769904
1.11217
1.14638
0.548299
1.64207
1.25533
1.28059
0.749591
0.863173
1.15953
1.06834
0.877706
0.775494
1.34061
1.16372
1.32043
1.4676
1.69879
0.806679
0.534597
1.67152
0.469398
1.1679
1.84811
1.28941
0.864881
0.939993
0.640033
1.74425
1.1623
0.150961
0.321596
0.648422
1.03319
1.21151
1.1557
0.373238
0.776336
1.10832
1.54471
0.974934
1.09042
1.23379
0.821938
0.808335
1.80363
0.960081
1.26801
1.47111
1.04569
0.361056
1.90045
0.814139
0.875195
0.59244
0.708145
0.255354
0.378864
1.50011
0.949504
0.505364
0.941403
0.270165
0.369262
0.916289
0.97662
1.21164
0.630685
0.976086
1.19386
0.86662
1.45399
0.467731
0.305028
1.43687
0.712173
1.33084
0.991403
0.60001
1.44844
0.920539
0.701348
1.59344
1.40766
1.20301
1.43956
1.6471
0.75977
0.424621
1.58517
0.654793
0.635878
0.688289
0.717442
1.59874
0.225356
0.532571
0.466415
1.20126
1.16124
1.2318
1.05872
1.03298
0.880148
0.680403
1.06129
1.48252
0.965187
0.885469
1.18477
1.1702
0.573469
1.0142
1.05456
1.1948
0.758422
0.92042
1.23095
1.20204
1.04206
1.28365
1.12431
0.252354
0.616824
0.688467
0.407569
0.960481
1.56003
1.61849
1.06632
1.5739
0.817235
1.18373
0.936411
0.569288
0.63862
0.647847
1.15721
0.646875
1.24599
1.0226
0.987533
1.03358
1.6088
0.569335
1.5304
0.978882
0.792565
1.26584
1.85419
0.420748
1.12227
1.54411
1.18639
0.991993
0.434129
1.18626
0.798317
0.747451
1.02915
1.45453
1.79629
0.360358
1.18029
0.657588
0.761758
0.994884
0.717724
1.40159
0.827593
1.12111
0.992049
1.08514
0.700231
0.648292
0.869015
0.786647
1.22777
0.268954
0.333322
0.998351
0.691921
0.600465
0.886731
0.882619
0.709731
0.48005
1.69638
1.04372
1.43383
1.47375
1.44786
1.35302
1.33394
1.53768
1.01855
0.353014
0.148117
1.14723
0.926854
1.58581
0.36746
0.578775
0.7712
0.96211
1.12256
1.06473
1.76072
0.669378
1.06567
1.26691
1.12156
0.826735
0.920806
1.58345
0.952903
0.802494
0.915835
0.465286
0.700587
1.19159
0.828516
1.00083
0.736288
0.42715
1.44186
0.854186
0.937224
1.0321
0.867976
0.899289
1.40783
1.0297
1.76409
0.278505
1.6793
1.27875
0.930657
1.31317
1.4053
1.53521
0.313218
1.20216
1.26947
1.33196
1.13901
1.55113
0.537391
1.33533
0.982494
1.7822
0.320785
0.931839
1.1951
0.670008
0.81966
1.3545
0.886287
1.20846
1.48391
1.19273
1.08803
0.980196
1.35215
1.05416
1.0189
0.965566
1.30906
0.679618
1.49659
1.40679
1.59054
1.01644
0.981387
1.74747
0.031982
0.773502
0.830944
1.92394
0.516833
1.12622
0.425416
0.896922
1.5564
0.962769
0.790316
0.361195
1.75942
0.185825
0.972447
0.463922
1.46676
1.50837
1.15799
0.591248
1.40634
1.02384
0.991139
1.59578
0.394458
0.232637
1.15816
0.717252
1.41623
0.793918
1.6995
0.540756
1.18985
0.391082
0.552596
0.196915
1.66273
1.25952
0.752329
0.746659
1.28058
1.4808
0.606516
0.583941
1.01482
0.732548
1.05084
0.759525
0.33432
0.900431
1.41392
0.787
0.941512
1.41584
0.798525
1.30262
0.646243
1.36752
0.992134
1.67098
0.647416
1.85396
0.872346
1.05087
0.965057
1.51286
0.481779
0.213629
0.889878
1.56553
1.03775
0.91159
1.86076
0.343407
0.925692
1.52216
1.20269
1.1846
1.21236
1.14042
1.4453
1.44952
0.956617
0.786648
1.47945
0.90666
0.78239
0.807947
1.01876
0.223921
0.908352
1.14037
1.56156
0.64309
1.31708
1.02901
1.21452
0.668956
1.32449
1.55636
1.05844
1.17242
1.08017
0.0465229
0.882275
1.18927
1.24746
0.336755
1.07958
0.137497
1.5405
0.774387
1.36998
1.15612
1.43677
0.830949
0.677722
1.20087
0.980537
1.0678
1.59606
0.565851
0.719128
1.75467
1.033
1.61478
1.09713
0.90589
0.650585
0.713104
0.456676
1.05903
1.06667
0.876155
1.59939
1.37856
1.17086
0.82565
0.779004
0.472983
1.60131
1.33835
0.458656
1.30729
1.185
1.53978
1.10734
0.935712
1.04944
1.09882
0.922883
0.793617
0.901005
1.1592
1.58577
1.41512
1.14595
0.709606
0.461248
0.136432
1.36778
1.69746
0.979566
0.86788
1.57226
0.839568
1.41663
0.854763
1.15118
0.721879
0.988617
1.55258
0.672303
0.797952
0.42766
1.7414
1.3454
0.21717
1.44419
1.44783
1.50096
1.40353
0.655357
1.34696
0.815646
0.910441
1.05511
1.81132
0.778596
1.71912
0.759761
1.21962
1.65754
1.41676
0.270688
1.76699
1.05005
0.971804
0.698918
0.529277
1.13582
0.969454
1.15208
0.231691
0.337241
1.62931
0.202523
0.773121
1.14053
1.54915
1.82518
0.897468
0.759612
1.39407
1.23087
0.972207
0.566852
0.670656
0.410446
0.489078
1.17854
0.303902
0.505095
1.3033
1.21744
0.916788
1.03564
1.31618
1.20258
1.35425
1.39093
0.989278
0.893304
0.681828
1.12816
0.371751
1.38795
1.03489
0.184159
0.614788
0.943798
1.25087
0.450252
0.76752
0.683212
0.267115
1.26881
1.21507
1.77782
1.60344
1.08447
1.15192
0.868879
0.217899
0.79151
0.204211
1.40289
1.00986
1.26473
0.49101
0.595985
0.872542
0.784628
1.17853
1.55974
1.45468
0.697857
0.649103
0.970858
1.4446
1.21581
0.822535
1.13889
0.827802
0.979371
0.706118
0.321366
0.676792
1.08248
0.335213
0.65665
0.100515
0.465406
1.0394
1.85088
1.06298
1.24748
0.72888
1.73256
0.731121
1.30199
0.853741
1.497
0.155867
1.62167
1.52891
1.20012
0.43879
0.697625
0.796536
0.675047
1.71379
1.02779
0.472098
0.80982
0.386049
1.33936
0.250661
1.00826
0.97113
0.545018
1.34013
1.47322
1.02055
0.882088
0.757063
0.638173
1.02863
1.03286
0.653153
0.652891
1.19879
1.06938
1.7206
1.41308
0.765836
0.871494
1.41111
0.383895
0.761445
0.627942
0.476215
0.668018
0.938805
1.40693
1.67896
1.36456
0.649384
0.959285
1.14339
1.49704
0.818721
1.41339
0.514391
0.61926
1.00091
1.63269
0.641091
1.53619
0.981379
1.26872
0.545858
0.717408
1.38684
0.820418
0.805991
0.835396
0.865219
0.255639
0.60265
0.903663
1.16221
0.856122
0.803743
1.00696
1.42984
1.23951
0.91377
0.97895
0.960685
1.20711
1.32899
0.621539
1.04886
0.22813
1.20459
0.487501
0.644323
0.459957
1.58909
0.982992
1.65464
1.05009
0.529511
1.21704
1.35047
1.27757
1.57171
1.71396
1.03878
0.545196
0.873644
1.01435
1.01259
1.08561
1.55111
0.891931
1.00328
1.52755
0.15932
1.07867
0.907779
1.2831
0.344991
1.38716
0.372309
1.39862
1.74832
1.61143
0.432689
1.54263
0.269292
0.366265
0.839471
0.698567
1.02925
0.681053
1.3598
1.42298
1.04123
0.878438
0.744644
0.789504
1.49739
1.09546
1.18931
0.36329
0.583849
0.600586
0.990492
0.934858
1.24704
1.09364
1.57959
0.425788
0.647213
0.777859
0.960349
0.353781
1.38744
0.785692
1.55856
0.632709
1.181
0.972477
0.179718
1.12227
1.06689
1.25465
1.07298
1.01527
1.42733
1.041
1.01927
1.12065
1.73874
0.143413
1.05813
0.707906
1.6084
0.437373
0.527075
0.428008
0.240265
1.10513
0.66138
1.10286
1.05799
1.24066
1.06008
0.510711
1.13107
1.25337
1.21652
0.356954
1.8178
1.65121
1.34631
1.07371
1.23023
0.348122
0.248904
1.49639
1.02323
0.954774
1.513
0.901932
0.507874
0.560194
0.434277
0.543891
1.27795
1.08288
0.291761
0.084382
0.446935
1.43599
1.36104
0.816824
0.291028
1.37451
1.24627
0.720369
0.722934
0.914795
1.00769
1.37428
0.681362
1.69971
1.09065
1.34768
0.435704
0.698019
1.05668
0.375929
1.43347
0.730189
0.662264
0.864363
1.16353
0.689757
0.822895
1.3526
0.64621
0.368379
1.93519
1.03233
1.11999
1.2864
0.0669709
0.385123
1.57546
0.874545
1.00944
1.01975
0.35199
1.48308
1.67753
0.961619
1.04813
0.672835
1.4287
1.05514
1.70493
0.444456
1.09524
0.557786
1.25172
1.81517
0.98119
1.63997
1.57442
1.72783
1.05969
1.16665
1.23475
0.711534
1.15922
0.803655
0.367283
1.42142
1.34007
0.847681
1.67502
0.706472
0.57933
0.487083
1.21575
0.818197
0.446377
0.457469
0.928759
1.49025
1.53324
1.02108
0.0995102
1.28042
0.732516
0.578892
1.42689
1.30795
0.324691
1.49414
1.21478
0.654344
1.5767
0.993685
1.35877
0.433377
1.44939
1.47181
1.56679
1.14652
1.68401
1.29265
1.6676
0.757887
1.5877
1.32909
0.229817
0.652846
1.08482
1.32895
1.31594
1.62098
0.820636
0.97748
1.57973
0.678738
1.08416
0.275502
1.21225
0.227592
0.780734
1.47695
1.47479
0.605902
0.223534
0.728125
0.670357
1.14185
1.08827
0.974415
0.357286
1.19363
1.33259
1.08594
0.99507
1.36736
0.909669
1.51705
1.18293
1.9607
1.11203
1.66525
1.55338
0.441134
1.40228
0.879588
1.70832
0.557006
0.9118
0.647475
1.47818
1.75234
0.333792
0.862837
1.55199
0.431054
0.92882
1.34457
1.45868
0.714248
1.19618
0.0598901
1.597
0.979376
1.47705
1.8618
0.911159
1.15165
0.905098
0.774983
1.07214
0.76439
0.971189
0.536041
1.61023
1.39114
0.94699
0.996648
1.02147
0.845664
0.837528
1.03527
1.09807
0.889225
0.954034
1.07172
0.655423
0.512076
1.3045
0.932941
1.45536
1.41491
1.59634
1.0846
1.19591
1.25813
0.792494
1.45163
0.684176
1.08592
0.935223
0.845629
0.335374
1.46887
0.851229
1.66773
0.998746
1.32355
0.623365
1.52285
0.766841
1.06544
1.29775
1.33698
1.32314
0.831176
0.651637
0.929393
1.93177
1.29389
0.376935
0.919851
0.824434
1.28416
0.997657
0.8307
0.162556
0.677542
1.1428
0.933878
0.164366
1.15555
1.41299
0.903358
1.59872
1.24692
0.479532
1.26315
1.52493
0.849503
1.83829
0.783519
0.95062
1.27957
0.818495
0.586945
1.34256
1.29183
1.25823
0.797963
1.09006
0.291549
1.07734
1.57283
1.49987
1.14596
1.12048
1.13767
1.46042
1.20139
0.972694
1.14129
1.16561
1.0089
1.50952
1.52858
1.21622
1.50401
1.56198
1.50805
0.906591
0.884573
1.59594
0.437133
1.54271
1.90902
0.719809
1.20545
1.27555
1.12902
1.0476
0.582651
0.956502
1.73249
1.10603
1.12928
0.938923
0.826566
0.276717
1.18423
1.02316
0.590479
1.87418
1.38944
1.07826
1.03802
0.708391
0.935391
0.723222
1.27527
1.84848
0.942233
0.923454
1.16702
1.76183
0.772396
0.346624
1.23785
0.943981
1.48034
0.723257
0.913799
1.35928
0.84043
0.130229
0.471601
1.00236
0.881137
1.09821
0.695546
0.943296
1.13665
0.525175
0.822952
0.729603
0.778522
1.31507
0.150257
1.31546
0.655152
0.851409
0.798239
0.751992
1.4697
0.966919
1.80537
1.87496
0.926857
0.118049
0.805263
0.158258
1.27463
1.1113
1.48327
0.7222
1.10536
1.84442
1.04657
0.820734
1.50251
1.01037
1.64817
0.989369
1.01374
1.71278
0.434678
0.730925
1.44818
1.72126
0.905463
0.983166
0.467362
1.25719
0.513554
0.84237
1.17131
1.03576
1.12377
0.671934
1.69125
0.997643
0.77368
1.74146
1.07929
0.486446
1.297
0.26728
1.29592
0.977824
0.979976
0.790241
0.507734
0.215163
1.59236
1.00289
1.40269
0.0790605
0.874914
0.986731
0.901632
0.319602
0.246166
0.876027
0.843537
0.692155
1.53824
1.6082
0.185984
1.14427
1.08892
1.57426
1.38747
0.616115
1.18792
1.28376
0.680925
0.856675
0.757802
1.01994
0.78244
1.67209
0.980993
0.822364
0.889443
0.590705
0.845088
1.14008
1.59718
1.50479
1.3878
1.18085
1.29387
0.149417
0.892749
1.14685
0.803726
1.15228
1.05449
1.12864
1.10646
0.641912
1.08054
1.01487
0.943143
0.75457
0.854303
0.651108
1.6722
0.985932
0.625188
0.719327
0.845199
1.1376
0.900294
0.795936
1.00349
1.09361
0.773229
1.05035
1.12549
1.45662
0.444265
1.48713
1.23783
0.89808
0.422087
1.15316
1.80539
1.46742
0.591635
0.312609
1.39428
0.938891
0.771843
0.0446503
1.06275
1.39397
1.05938
0.662354
0.710719
0.758725
0.75409
1.21427
1.0645
0.975525
0.960986
0.345017
1.26104
0.869316
1.62942
1.07774
0.854645
1.31813
0.55899
1.82932
0.79305
0.448341
0.691525
1.6022
0.669328
1.63131
1.50616
0.88853
1.57276
1.72598
0.997277
0.904771
1.25808
0.951331
0.682901
0.736356
1.69761
0.896385
1.1798
1.33468
0.85121
1.65238
0.866053
0.847734
0.924819
0.415198
0.556896
1.07642
1.25481
1.05995
1.43149
0.457408
1.34712
1.06697
1.08799
0.779053
0.195351
0.553551
0.856176
1.2569
0.394858
1.12338
1.42538
1.193
0.944768
1.14462
1.04029
1.01049
0.894952
1.7218
0.333425
1.01505
1.47764
1.32805
1.35332
1.50785
1.53758
0.903272
1.89669
0.839611
0.362287
0.916563
0.79629
0.826566
1.11687
0.83716
0.298427
1.35688
1.4848
1.41893
1.69658
1.7661
0.844387
0.872356
1.57735
0.828564
1.86233
0.983797
0.529463
1.51261
0.291819
1.37782
0.966258
1.51335
0.293533
1.50146
1.14809
0.627957
1.34931
1.56553
1.64802
1.15098
0.461795
1.21243
0.788606
1.72561
0.94168
1.65456
0.844595
1.33496
0.610322
1.29234
1.00356
0.524482
0.819427
0.604092
0.759046
1.08563
1.9154
1.59226
0.988875
1.79897
0.575051
0.449296
0.85763
0.833028
0.309203
0.763181
0.969394
1.46657
1.59163
1.52824
0.438048
0.524251
0.407218
0.85629
1.02037
0.916163
0.522594
1.22956
0.912961
1.31417
1.6644
1.08752
1.23347
0.862512
0.636296
0.646025
0.146039
0.108695
0.415355
0.479811
1.0991
1.42184
0.75172
0.901087
1.0151
0.834241
1.21076
1.32397
1.82129
0.479917
0.184453
1.37529
1.56344
1.22706
0.611284
0.639815
1.26831
1.12375
1.20332
1.60474
0.559343
1.10658
0.858795
1.32892
1.06467
1.0558
0.655845
0.634533
0.866223
1.30406
1.02071
0.913738
1.5492
0.968091
0.83171
0.666513
0.501342
0.854187
0.595158
1.05865
1.17178
1.29669
1.5793
0.800413
1.82111
0.623429
1.22949
1.05543
1.60664
0.652193
1.54813
0.946483
1.16374
0.910855
0.613039
1.47403
1.00076
0.642524
1.33281
1.51751
1.07659
0.822855
1.43774
1.08905
0.916002
0.572536
1.58235
0.662076
0.263555
1.56123
1.13242
1.27712
1.23726
1.00172
1.78953
0.707899
0.242455
1.03931
0.681418
1.3665
0.555877
1.0796
0.957181
1.19504
0.979006
1.59656
0.834043
0.999576
0.449127
0.861171
0.362736
1.39355
0.87184
1.06788
0.731405
0.976514
1.53798
1.24495
1.3548
1.02588
0.763299
0.603978
0.648704
0.522287
1.10417
1.5525
0.705594
0.829228
1.6127
0.669903
0.513313
0.87843
0.845102
1.14172
1.53917
1.7319
1.34943
0.450215
0.811177
1.52002
0.623471
0.780491
0.696082
1.35795
1.49617
1.1236
1.10965
1.14463
1.05598
0.491331
1.46931
0.343266
1.31183
1.29949
0.123537
1.5169
1.08262
0.95976
1.24608
1.02741
1.48658
1.08066
1.62237
1.03563
0.383099
1.2209
0.893625
1.76485
0.3654
1.12171
0.461788
0.671302
0.787458
0.44084
1.47101
0.440183
1.6593
1.05782
1.06744
0.709713
0.631328
1.39363
0.9409
0.93251
0.95628
0.566416
0.367048
1.40093
1.07122
1.05227
1.63085
0.93477
0.713768
1.24578
0.919233
0.595733
0.420727
1.05432
0.826953
1.72672
1.32061
1.24167
0.348747
1.40272
1.04311
0.621394
1.0686
1.52991
1.49188
1.14825
0.530136
0.87405
1.0796
1.47687
1.4597
1.58365
0.96418
0.668305
1.48077
0.643646
1.18187
0.924919
1.49806
1.15301
1.22244
1.07322
1.1043
0.288203
0.731647
0.872766
0.223977
0.813765
0.884567
0.855954
1.33738
0.877275
1.14453
0.879267
0.983801
1.65958
0.894986
0.462795
1.23693
1.55895
1.23795
1.11713
0.456576
0.69899
0.9326
0.85031
1.23206
0.905204
1.34645
0.760299
0.037997
0.945986
1.4524
1.11237
1.70925
1.29695
0.599785
1.23251
0.806546
0.537147
0.664119
0.651635
0.915396
1.55631
0.252787
0.338952
0.694458
1.71848
1.52342
1.07757
1.27184
0.636284
0.817404
0.418523
0.948114
0.366807
0.754276
1.42506
1.76054
0.972179
0.503997
0.705402
0.76347
0.749199
1.30127
1.31336
1.09135
1.16619
1.40852
0.732988
0.856366
0.793625
1.15049
0.467216
0.7133
0.595405
0.286823
0.625521
0.419912
0.23027
1.21519
0.442881
0.333307
0.618037
1.18638
1.54952
0.240081
1.54462
1.46836
1.50151
0.817018
0.452782
1.15477
1.12247
0.967447
1.04642
1.30561
0.433816
1.5889
0.414241
1.18874
1.41524
0.244699
0.602302
1.03384
0.515735
0.953291
0.321277
0.562641
1.05935
1.11154
0.345509
1.09455
0.241094
0.573637
0.7375
0.427331
0.874583
0.601667
1.48045
0.880057
0.692327
0.543865
1.03525
0.504137
0.478214
1.01071
0.878241
0.780518
1.57486
0.930479
1.26749
0.296153
1.23701
0.469908
0.696036
1.04917
1.00794
0.78278
0.688576
1.09303
0.353542
0.914231
1.62622
1.70532
0.115847
0.966337
0.892396
1.28796
0.806092
0.357414
0.639056
1.01619
1.51656
0.951504
1.12116
1.20998
0.890542
0.964843
0.872937
0.851051
0.906141
1.03274
0.564294
0.95334
0.402397
1.83804
1.34158
0.259398
0.928561
0.709179
1.09231
1.27396
0.302932
0.519969
0.944587
1.16492
1.04143
0.274439
1.72237
0.576772
1.15247
1.4394
0.740807
1.81185
1.5999
1.25134
1.10111
1.37979
0.881684
0.81143
0.659434
0.292658
0.137805
0.434007
0.901207
0.4806
1.18853
0.741387
0.794661
1.56107
0.564182
1.14773
0.583555
1.26659
1.09076
0.692091
0.387763
1.65636
1.25189
0.676615
0.513833
1.72076
1.20136
1.14024
0.389225
0.519952
1.33924
0.560886
0.966887
1.25268
1.4413
0.392364
0.467898
1.77667
0.977659
1.37343
0.469966
0.497752
1.46409
0.366917
1.15852
1.35468
0.28432
1.1673
0.10903
0.747412
0.70886
0.745918
0.506956
1.14868
0.906546
1.00841
1.16777
0.291037
0.905769
1.53282
0.939387
0.664835
1.66347
0.665884
1.19864
0.947767
0.796106
1.72862
0.959081
1.36284
1.09989
0.63738
1.6869
0.48344
1.83445
0.627131
1.23481
1.11408
1.41665
0.514353
1.0584
0.387508
0.187349
1.20294
1.65925
1.35786
0.649539
1.50496
0.583858
1.24464
1.07686
1.8541
1.78126
1.11932
0.840033
0.294016
0.974153
1.25615
1.43626
1.05038
0.798432
0.624398
1.29327
0.888695
0.900626
0.635892
0.518036
1.66163
1.09562
1.41759
0.595008
1.13151
0.540057
0.095745
0.94297
1.46727
1.30794
1.2393
1.74432
0.378121
0.66973
0.853743
1.2946
1.41336
0.672618
0.738685
0.530736
0.888127
1.45616
1.00196
0.609573
1.28699
1.83637
0.686141
0.822296
0.159435
0.253006
1.12441
1.24618
0.939478
1.30323
1.37205
1.66631
0.801468
0.740183
0.744161
1.02483
1.43967
1.07895
1.27963
0.785037
0.42282
0.908487
1.42625
0.538569
1.20189
0.744211
1.29611
0.142359
1.07614
1.82813
1.55689
1.07556
1.39175
0.791065
0.727839
1.1117
1.80685
0.925783
1.69917
1.1007
1.04575
1.07642
0.628442
0.883155
1.54453
1.29509
1.30247
0.425571
1.10897
1.19897
1.27103
1.46075
0.868798
0.616828
1.11551
0.913322
0.901305
1.01785
0.609727
0.478716
1.79804
0.44548
0.765371
1.04944
1.77644
1.19167
1.5586
0.978642
1.08597
1.07715
1.71717
1.41794
0.695094
1.14989
0.952658
0.583913
0.53058
0.693493
1.01526
0.544946
0.559561
0.663761
1.50905
0.791394
0.842275
0.864539
0.876806
0.270614
0.896547
0.552394
0.345466
1.84145
1.91134
1.04366
0.435909
1.57708
0.717832
1.59299
1.35897
1.15915
1.48522
1.35296
1.4991
0.571776
1.17471
1.05899
1.08671
0.60676
1.21738
1.35075
0.205332
1.54142
0.918246
1.44424
0.768181
1.87434
1.10608
0.716573
1.15495
0.769607
0.981582
0.786276
1.44076
0.823187
0.583481
1.00931
0.295768
0.852523
0.574245
1.14574
0.765797
0.429984
1.21788
1.5035
1.66241
1.05105
1.32512
1.78489
0.181323
0.854164
1.32069
0.334796
0.33288
1.10784
0.705684
1.16448
0.284398
0.107897
0.976676
1.01106
0.580973
0.688999
0.975386
1.25066
1.43258
1.13774
1.14123
1.18407
0.199516
1.14241
0.703039
0.5804
0.869336
1.26171
1.25476
1.70775
0.855112
0.900985
0.35791
1.17904
0.67582
1.15232
1.16055
1.1358
0.457296
0.432801
0.25328
0.489887
0.705046
1.56379
1.14419
0.806978
1.55849
1.07798
1.30864
0.803725
0.26911
1.02983
0.298446
0.944677
0.831157
0.958776
0.91844
0.896295
1.84341
0.763528
0.832279
1.40197
1.25224
1.38686
1.32286
0.824943
1.11769
0.827728
0.086339
1.16543
0.218059
1.1095
0.956767
1.22285
0.910927
1.02172
0.1545
1.54848
1.47747
0.582221
1.11351
0.500324
1.26858
1.22068
0.832359
0.978824
1.47858
0.208661
1.49787
0.792168
1.04407
0.922964
0.727969
0.746824
0.835304
1.58148
1.01668
0.920878
0.927379
1.66042
1.38042
0.976013
0.757392
1.09513
1.11202
0.443223
1.51508
0.860422
0.711224
0.932928
0.665103
1.18008
1.33877
0.301986
0.574151
0.907949
1.33238
1.10241
1.30154
0.948448
0.768488
0.949183
0.7061
1.91457
0.189499
1.92047
0.659503
1.40925
0.138864
1.51398
1.33136
0.9826
1.52775
0.662002
1.5003
0.827484
1.30612
1.28796
0.291062
1.11574
0.204408
1.57675
0.885225
0.473593
0.589543
0.830085
0.926853
1.44452
0.697344
0.522271
1.33528
1.07914
1.61737
1.29368
1.16682
1.11071
0.729429
1.38107
0.609323
0.652802
0.993469
0.833425
0.905392
0.381017
1.56265
1.64634
0.819121
1.15765
1.13383
1.02453
0.938542
1.24763
0.852923
1.38325
0.42413
1.38213
0.295399
1.06643
1.07414
1.3347
1.72099
1.27058
1.2885
1.32869
1.20978
1.31175
1.30273
1.14693
0.186671
0.509037
1.01097
0.801168
1.31486
0.427933
1.86397
0.290857
1.93068
0.651692
1.41002
1.41535
0.499568
0.321672
0.926427
1.19974
0.443506
0.849494
0.451331
0.885447
1.6716
1.04766
1.16277
0.692022
0.266748
1.26386
1.06496
1.61647
1.452
0.671847
1.34011
0.648997
1.62474
0.445952
1.43356
0.956625
1.47662
1.14684
1.02036
1.10264
1.88266
0.296059
1.41893
1.098
0.743615
1.06655
1.55748
0.669358
0.989856
0.843889
0.970098
1.15787
0.669008
1.12658
0.464107
0.855754
0.497189
0.977965
1.43555
1.52732
0.548444
0.859939
0.998347
1.73858
0.447005
0.779779
0.914327
1.09745
0.349241
1.36675
1.88623
0.875895
1.65171
0.719192
1.64104
0.957847
1.30652
1.5212
0.782139
1.08432
0.655063
1.09073
0.534896
0.5118
0.808539
1.68142
0.495049
1.70144
1.00977
0.933671
0.483482
1.81157
0.319142
0.4639
1.15733
1.11713
1.48868
0.986035
1.29688
1.21901
1.2699
1.22956
0.877078
1.31731
1.07033
0.815648
0.497639
0.921642
0.662319
1.06922
1.22313
1.734
1.11851
1.56125
1.20509
1.61591
0.695308
1.3155
0.495748
1.60259
0.35122
1.09213
1.29769
1.19036
1.22637
0.90134
1.13666
1.12958
0.854122
0.847667
1.07793
0.963966
1.14163
1.22864
0.813242
0.990678
1.52929
0.728573
0.380103
0.572663
0.673348
1.34851
0.800894
1.10336
0.716012
1.17695
1.56447
1.5048
1.21121
1.08319
0.497853
1.18996
0.980604
1.34766
0.756947
0.871465
1.00368
0.489941
0.824825
1.61797
0.466241
0.653575
1.10329
0.843224
0.998917
0.823774
1.12645
1.37193
1.41108
1.14278
0.421886
1.27554
0.721431
1.10704
1.17986
0.83063
1.37933
0.5571
1.3085
0.905444
1.06337
1.0239
0.209447
1.25416
1.53124
1.62894
1.69643
0.996919
0.72421
1.20365
1.54678
0.467682
0.88171
0.85658
0.804755
0.587601
0.431445
1.25353
0.995148
0.90439
0.592448
0.685799
0.722368
0.542214
0.443515
1.02724
1.5719
0.929965
1.72902
0.775552
1.46366
1.33836
1.34757
0.908773
1.55263
0.670255
0.405083
1.29831
0.966426
1.02346
0.62479
1.77396
0.222206
0.918248
1.69886
0.225301
0.527853
1.82269
0.95488
1.39233
1.59866
0.692597
0.758874
0.506558
0.735117
0.995779
1.32437
0.530055
0.684273
1.13115
0.819424
1.13936
1.38077
0.741613
1.44041
0.93872
0.324179
0.517656
0.792195
1.35914
0.683934
0.870459
1.09488
0.709238
1.41481
0.982549
1.14753
0.150726
1.16439
0.564711
1.23842
1.06118
1.44328
1.24309
1.55854
1.35937
1.54174
1.15917
1.0526
0.855681
0.953201
0.564398
1.35566
1.85024
1.41993
1.39322
0.976547
1.32668
1.11019
0.817107
0.789905
0.402504
0.741568
0.556459
1.21141
1.40325
0.349411
1.10168
0.722962
1.68907
1.13129
0.927884
0.693052
1.39333
1.72476
0.683287
1.54954
1.32394
1.54805
0.98456
1.48134
0.929084
0.468904
1.4041
1.37301
1.08445
1.6341
1.11178
1.30469
0.809957
1.56896
1.2761
0.969466
0.452137
1.42282
1.13183
0.918006
1.27255
0.568359
0.630724
1.33617
0.642642
1.11431
1.11173
0.150593
1.59643
0.541224
1.22934
1.14258
1.24436
0.496187
1.61537
0.546501
1.33273
0.622031
0.829307
0.618043
0.601812
1.04447
1.05296
1.40737
1.21709
1.00299
0.908904
0.628322
0.852245
1.22898
1.40094
0.453892
1.04547
1.06136
1.25935
0.663621
0.734261
1.41559
1.18742
1.12498
1.15776
0.680225
0.511143
0.289365
1.04379
1.26225
1.07649
1.35719
1.24272
0.954622
1.42012
0.356338
0.138115
1.27268
1.05401
1.27488
0.66827
0.831415
1.71623
0.456787
1.08061
0.92412
1.13171
0.768424
1.76741
1.34673
0.561301
0.44219
1.23907
1.40083
1.42184
1.35927
0.416166
1.30145
1.84701
1.80417
1.73763
1.16899
0.597769
0.636378
0.923642
0.774
0.859562
1.01711
1.00125
0.48466
0.989808
0.76169
0.792023
0.770691
0.400506
1.13629
0.834002
1.06979
1.18064
1.13395
1.51372
0.145964
1.5334
1.05375
0.451178
1.24951
1.77562
0.689999
1.06528
1.61598
1.23324
0.73442
0.653652
0.81558
1.04992
1.36792
0.208262
0.642296
0.926853
0.741429
0.771467
1.239
0.282941
0.763162
1.19717
0.869052
0.696601
0.90734
0.438138
0.814419
0.83861
0.356804
0.762599
0.324108
1.026
0.976901
0.783206
1.06722
1.04003
0.432446
0.732342
0.92483
0.397056
1.14012
1.02804
1.18136
1.53491
1.14568
1.21699
0.776622
1.02211
1.1181
1.71672
1.28354
0.881038
1.49013
0.848414
1.09449
0.405142
1.23323
0.50871
0.482227
0.842709
1.65582
0.980549
0.92591
0.969108
0.897861
1.17256
0.734282
1.04225
0.57833
1.04806
1.21248
1.07287
0.981141
1.12043
0.974668
1.39263
1.20709
0.21225
0.809028
0.612556
1.33089
0.781786
1.23627
1.41219
1.58372
0.641701
1.07979
1.11777
1.25172
0.696238
1.14729
0.796995
1.07135
0.976314
1.2509
1.84065
0.806074
1.02232
1.03939
1.51232
0.625372
0.742817
1.53654
1.20766
1.1937
0.611515
0.408433
1.64456
1.80347
0.591001
1.46327
0.838789
1.57038
1.54116
1.14516
0.429196
0.38338
0.703541
0.617882
0.577841
0.242111
1.10953
1.62782
0.472985
1.24291
1.90526
0.298642
1.00487
0.86112
0.651218
1.16942
1.10399
1.37145
1.04398
1.18604
0.886549
1.26702
0.906431
0.541313
1.74846
0.61491
1.57841
1.14391
0.0743061
0.98147
1.01749
1.2323
1.061
1.59759
0.660235
0.217338
1.55404
1.1857
1.26985
0.826952
1.50344
1.40282
1.27994
0.694448
0.242122
0.623052
1.08894
0.556685
0.724334
0.502744
0.945964
1.15533
1.92342
1.02133
0.470843
1.45996
0.0193212
0.921761
0.935312
0.23685
0.586501
0.119798
1.71801
0.5605
1.30046
0.833674
0.433253
0.873701
0.53048
1.37193
0.716259
1.04959
0.931995
0.476077
0.728045
0.659231
1.02325
1.86049
0.473417
0.917197
0.678027
1.25822
1.96506
0.754203
0.704625
0.643778
1.16894
1.20299
1.09709
1.0482
0.489826
1.10549
1.24725
0.825752
1.42298
1.09953
0.863658
0.343261
0.284734
0.844699
0.91227
1.36533
0.172045
1.25511
0.390771
0.476982
0.900115
0.564409
0.76352
0.630176
1.53604
1.43737
1.46735
0.408131
0.91282
1.72149
1.09204
0.416227
1.25463
0.0790403
0.981078
0.835488
0.748224
1.89894
1.07681
0.979116
0.798379
1.39654
0.385069
1.28546
0.291494
1.61951
1.37687
0.55481
0.857722
0.0612168
0.960668
0.983629
0.731556
1.28619
0.678303
0.672669
1.16189
1.02373
0.741478
1.13847
0.735333
1.07019
0.571869
0.583067
0.95076
1.48663
0.342684
0.823052
0.249181
1.20579
0.633854
1.07552
1.66168
1.75092
1.41542
0.556039
1.06217
1.11572
1.42285
1.41466
0.714584
1.53214
1.3122
0.567563
1.35511
1.10431
0.46949
0.543962
0.414566
1.29272
1.14407
0.717437
1.0447
0.476872
0.638071
1.44147
1.26535
0.651364
0.355285
1.27813
0.502612
1.23241
0.6692
1.80987
1.20182
1.24059
1.27868
1.00237
1.26057
0.527439
1.31717
1.05161
1.65636
0.429827
1.10599
1.31111
0.686641
1.24222
0.458833
0.544717
1.08329
0.538746
0.958999
0.614094
0.862988
0.0962131
0.963863
1.05972
1.3301
1.02718
1.09363
1.33986
0.28124
1.87702
1.5804
0.825147
1.60487
1.05657
0.318518
1.29607
1.19771
1.60372
1.71913
0.808596
1.72913
0.272883
0.430295
1.51038
1.04245
0.6464
1.65672
1.20465
1.0696
0.69711
1.2153
0.941248
0.482585
0.83139
0.986362
1.60637
0.857145
1.23177
1.85641
1.61441
1.10665
0.874783
0.311745
0.766889
1.02398
1.3783
0.875729
0.87099
1.26094
0.885334
0.278485
1.19647
1.19027
1.25317
0.651937
0.485689
0.773506
1.57233
1.47461
1.43376
1.0982
0.765793
0.734974
0.998081
0.864487
1.31165
0.836462
1.20443
0.742776
0.854124
1.56486
1.42612
1.40507
1.14614
0.878975
1.29418
0.764587
1.36168
1.41205
0.715778
1.38929
0.71789
1.1723
1.02052
1.19609
0.964939
0.76569
0.791147
0.917541
0.872551
1.05116
0.499856
1.50161
0.682367
1.29642
0.934004
0.68976
1.15635
0.769133
1.49877
0.635298
1.29689
0.0390246
0.76778
0.292447
0.670929
0.935581
0.655254
0.871643
0.933776
0.832888
0.995278
1.35561
1.90382
0.875884
0.833404
0.762053
0.353365
1.04645
0.916766
1.74092
0.876785
0.477922
0.897314
1.65406
0.669905
0.947449
0.940994
0.609383
0.808665
1.35917
0.957066
1.20264
0.773929
0.819161
0.679541
0.213663
1.50567
0.993988
0.49908
0.41937
1.33945
1.06902
1.46294
0.51212
1.25505
1.5204
1.27331
0.98173
0.781622
0.972647
0.990525
1.6994
1.12338
0.964054
0.836006
0.94188
1.04456
0.454583
1.2336
1.02257
0.0895867
0.946209
0.807626
1.07438
1.52526
0.921496
1.41409
1.63244
0.74028
0.910363
0.584848
0.963036
1.43957
1.06726
1.29887
0.511103
0.769442
1.5407
1.45022
0.2228
0.885545
0.960656
0.646084
1.49641
0.807553
1.53978
0.846926
1.08178
1.09
0.877954
1.18741
1.17235
0.794602
1.40665
0.83452
1.40581
0.38658
0.405313
1.69386
1.18658
0.652719
1.45091
1.29638
1.78869
1.26875
0.251558
1.03632
0.566267
0.428413
1.12043
1.31458
0.698974
0.277863
0.28009
0.738005
1.18451
1.46435
1.92935
1.1987
1.46599
0.872124
0.893665
1.04221
1.16364
1.69949
1.50857
0.988635
0.797419
1.40629
0.950757
1.40321
0.770069
1.01288
0.397949
0.608445
0.919921
1.47132
0.806185
0.51954
1.83472
1.15046
1.70845
1.39333
0.907213
0.706164
0.828676
1.17085
0.780598
0.556836
0.941621
0.928009
1.02009
1.27856
0.707074
0.40019
1.30123
0.88111
0.13772
0.565206
0.881886
1.52288
1.29928
0.987991
1.84545
0.868748
1.89
1.32668
1.14723
0.956225
1.41838
1.01514
1.49456
0.335066
0.786623
1.23195
1.26615
0.958308
0.866549
0.473028
0.618123
1.20709
0.875864
1.20578
0.825969
0.54731
1.73392
0.406524
1.21297
1.14748
0.214564
0.422663
1.24692
0.97787
0.302934
1.07712
1.0619
0.378355
0.664993
1.15993
0.831484
0.898024
1.22833
1.30992
1.45864
0.832237
1.44977
0.871448
1.59403
0.581717
0.276323
1.90216
0.926165
1.11586
0.78261
1.33216
0.983828
1.56118
0.881217
0.878256
0.780403
1.3745
1.28658
0.293234
0.987197
0.855424
0.702988
1.0483
0.921848
1.06736
0.301806
0.977151
0.869767
1.3539
1.21728
0.910819
1.03323
0.875258
1.61915
0.921514
0.110275
0.990399
0.751797
0.925893
1.15677
0.401872
0.961241
0.785849
0.693208
0.898692
0.61737
1.07098
0.868562
1.40822
1.59979
1.17292
1.01872
0.916598
1.4403
1.44424
1.22627
1.26013
0.791494
1.35705
1.1977
1.36495
0.427473
0.863342
1.06367
1.64186
0.295652
0.57398
1.05001
0.362637
0.593768
1.45409
0.773424
0.715272
1.62214
0.522135
1.123
0.761171
1.11407
1.31695
1.29137
0.851333
0.327765
1.1903
1.06299
1.8124
0.310535
0.772318
1.49633
0.94378
0.823023
0.56134
0.820572
1.12905
1.17301
1.55808
0.184347
1.11691
1.70883
1.58237
0.842632
0.754575
1.00895
1.52089
0.948281
1.36156
0.884785
1.5098
1.29923
1.91171
1.03073
1.30435
0.0501073
0.998368
0.472873
0.68513
1.23012
1.24876
0.756455
0.491587
1.37044
0.63231
1.50046
1.62612
0.778763
0.279071
0.77885
0.420118
0.476164
0.266887
0.867048
1.3885
0.466887
1.71243
0.874137
0.908755
0.72827
0.417132
0.261653
1.76752
0.388637
0.646928
1.38704
0.470182
1.26915
0.257458
1.20929
0.303965
1.43665
0.775864
1.15952
0.854513
0.671671
0.811063
0.787128
0.955777
1.00094
0.420672
0.855352
1.52557
0.93457
0.597647
1.143
0.614726
1.26818
1.28911
1.21217
1.05985
0.635013
0.361619
1.61467
1.24926
0.867038
1.01682
0.883227
1.62579
0.847932
0.704852
1.05433
0.333726
0.968647
1.15282
1.3381
1.25459
1.59668
0.78195
0.930835
0.586601
1.60648
1.12941
1.42332
0.630694
1.11653
0.679642
1.34653
0.778659
1.6413
0.283779
0.655329
1.1877
0.567069
0.9855
0.847118
0.893598
1.37048
0.457452
1.81793
1.35255
0.422099
0.377765
1.63677
1.34359
1.61824
1.0866
1.5488
0.57312
1.48669
0.878969
0.885783
1.002
0.813803
1.5896
1.54194
1.19963
0.0454593
1.25434
1.45162
0.75249
0.847465
0.652105
1.72135
1.07192
1.58613
1.14852
1.30302
0.80555
0.525806
0.199713
0.143538
0.886729
1.11401
0.55963
0.686553
1.01519
1.02564
1.00673
1.28289
1.45043
0.313242
0.932825
0.818691
0.860036
1.09991
1.36118
1.61155
1.53629
1.28399
1.81612
1.22381
0.723305
0.925908
0.722578
1.19966
1.09609
0.911001
0.820468
0.86318
0.426449
0.979744
0.687847
0.392942
1.59886
0.618945
0.898692
1.41489
1.87544
0.664674
1.55631
1.05881
1.2616
0.549106
1.30926
1.26828
0.901393
1.13607
1.03819
0.884449
1.04611
1.37467
0.587697
1.1962
1.30107
1.55406
0.814852
1.85767
1.39895
0.7922
0.835255
0.351002
1.31687
0.862611
1.08125
1.86291
1.35523
1.09042
0.163668
0.837214
0.966422
0.61734
0.667216
1.09432
1.40583
0.937318
1.03445
0.491241
0.763291
0.884476
0.101062
1.1505
0.86931
0.197516
0.595551
0.982399
1.075
1.84675
1.10966
0.572621
0.850275
0.515006
1.58289
0.536981
1.49696
0.89996
1.41894
0.963627
1.43255
0.570543
0.863142
0.707911
0.353648
1.27899
0.951735
1.18265
1.20699
1.08661
0.730067
0.412467
1.01152
1.4668
1.39764
1.66562
0.696183
0.108667
0.949952
0.726196
0.826249
0.353424
1.5319
1.16288
0.66586
1.61696
0.725115
0.782765
1.16905
0.627408
1.17653
0.782614
1.05764
0.226251
1.34473
0.837815
0.298725
1.03738
0.412853
1.58469
1.65377
0.402995
1.03158
0.829372
0.230995
1.58423
0.75769
0.458242
0.734205
1.16884
1.43489
0.725257
0.738105
1.32489
1.27019
0.889808
1.05235
1.485
1.55564
1.32332
0.99988
1.35419
0.968916
0.893433
0.404781
0.535051
0.582313
1.2486
1.15377
1.01493
1.12907
0.53539
1.01231
0.798936
0.940655
0.750508
1.187
0.837192
0.791467
0.972936
1.14638
1.08144
1.26827
0.530483
1.44184
0.637905
1.34462
1.46349
1.41731
1.52806
1.45674
0.356259
1.14159
0.46848
1.07172
1.69221
0.588925
1.1801
1.18223
1.00943
1.77449
0.203108
0.480627
0.745283
1.26017
0.532476
0.367562
1.12754
0.94083
1.40975
0.46681
1.24389
0.477598
0.0746483
0.943647
0.460013
0.797924
1.10268
0.180963
0.699882
0.458789
1.07804
0.972183
0.908846
1.01163
1.09345
1.43516
0.214593
0.860372
1.40519
1.78027
1.27744
1.76072
0.657836
0.905484
0.651331
1.30955
0.738979
1.01025
1.20153
1.06217
0.261173
0.931616
0.412233
0.449379
0.474855
1.25878
1.66261
0.848562
1.23951
0.247141
0.707059
0.204595
0.828726
1.148
0.755694
1.50651
0.906959
0.850829
1.57471
0.483454
0.402204
0.907305
1.12624
1.6118
0.405125
0.363537
1.19534
0.865692
1.30757
1.02302
1.0555
1.41742
1.32779
0.723656
1.3635
0.942254
1.71202
1.39198
0.93207
1.32592
0.718813
1.77808
0.63695
1.13935
0.504707
0.870008
1.36751
0.800028
0.313197
0.772852
0.896624
1.80072
1.9093
1.43195
0.834275
1.09383
0.865905
0.548376
0.823832
1.44115
1.08622
1.82769
0.844385
0.99972
0.713914
0.543778
1.42779
1.60345
1.25828
1.23431
0.813218
1.80536
0.872804
0.894564
0.407178
1.26
1.12378
0.416691
0.692965
0.60342
1.22082
0.229953
0.590305
0.647207
1.29242
1.21885
0.843714
0.854504
1.09343
0.948583
1.13579
0.482099
1.15585
1.42083
1.01736
1.40454
0.249049
0.381509
0.7347
1.0734
1.02566
0.469559
1.05202
0.543286
0.982036
0.686163
0.623095
1.00369
0.480763
1.03043
1.1465
1.14998
1.14463
1.05946
1.49545
0.774022
1.37812
0.496492
1.43803
0.936183
1.44974
0.808425
1.14106
0.117211
0.439614
0.796599
0.854656
1.30957
0.650659
0.653676
1.60383
0.924793
1.70719
0.702379
1.26468
1.20094
1.3176
0.964558
0.65226
1.56047
1.32894
1.22243
1.26421
1.67958
0.533667
1.04061
0.996137
0.900847
1.71978
1.61929
0.315602
1.02152
0.875821
0.885033
0.450864
1.06366
1.68162
0.961422
0.460796
0.839973
1.21561
0.441789
0.575416
1.15376
1.01074
0.948625
0.888762
1.33534
0.603285
0.909101
0.980538
1.19676
0.762148
1.31083
0.531535
0.733945
0.819035
0.209398
0.696768
0.840957
1.49824
0.78692
1.29033
1.9351
0.604236
0.737013
0.53159
0.72332
0.83379
0.951248
1.33337
1.76571
1.1972
1.13351
1.63584
0.870514
0.545847
1.69413
0.448198
0.301098
1.06304
1.44167
1.38427
1.47066
1.19791
1.69729
1.10296
1.44546
1.12908
1.14548
1.61991
1.06153
0.998611
1.40702
1.12199
1.12167
0.524165
1.03029
0.782079
0.883736
0.76117
0.808601
1.40463
0.974991
0.676237
1.22618
0.933315
0.669379
0.561671
0.862088
0.718806
1.13076
1.49763
1.70667
0.643706
1.01733
0.829576
1.21236
0.682037
0.371261
0.59994
0.948626
0.560473
1.15974
0.838426
0.651253
0.728759
0.537509
0.533856
1.70134
1.16109
1.80168
0.906167
1.73783
1.28412
1.78048
0.957032
0.372008
0.473644
0.538448
0.454989
0.611757
1.12667
1.80021
0.929247
0.604968
0.2152
0.854662
0.453984
0.606603
1.26617
0.558461
1.01317
1.17487
0.934027
1.46863
0.985142
0.469511
1.14932
1.45255
1.51924
1.51997
1.14628
1.53602
1.10094
0.841207
1.42646
1.10233
1.24827
1.04451
1.43427
0.824865
1.08884
1.56851
0.498225
0.862675
1.02675
0.937525
1.34273
0.714326
1.78412
1.1338
1.04334
1.48516
1.53543
0.90476
0.186385
0.276102
1.22445
1.25273
1.29965
1.00933
1.54452
1.03151
0.861957
1.50245
1.64847
0.370667
0.956779
1.26387
0.622287
1.35162
1.62425
1.03324
0.769036
0.140152
1.06113
0.986793
0.664125
0.150827
0.898158
0.349333
0.759403
0.207006
1.20066
0.617852
0.865186
1.7028
1.07241
1.09107
0.919768
0.781494
1.54551
1.04869
0.82314
1.54921
1.32507
1.6748
1.02859
1.15216
1.11666
0.753719
0.737459
0.417696
0.920534
1.1878
1.19189
1.63943
1.36029
0.832358
0.882258
1.62236
0.981307
0.865691
0.879461
0.627036
1.35541
1.07702
1.31263
0.799605
0.500177
1.29228
1.17634
1.76294
0.936559
0.990277
1.05114
1.17818
0.639667
0.360579
0.266444
1.04523
1.29834
1.1754
0.619181
0.731028
1.49049
0.948384
1.27479
1.46295
0.514778
1.07312
0.965234
1.47969
0.814936
1.03139
1.64405
0.421188
1.16402
1.20184
0.779895
1.49518
0.366419
0.542819
0.822473
1.72825
0.876368
0.754465
1.12192
1.35681
0.89813
0.891122
0.934904
1.40242
0.652059
1.55966
1.0538
1.35191
0.391033
1.16438
1.51002
0.574149
1.28269
0.986234
0.919967
0.954286
0.620111
0.781368
1.23174
0.528334
1.75129
1.24362
0.816079
1.4691
0.729125
1.48389
1.39813
1.10389
0.773714
1.25281
1.08342
0.887567
1.40293
1.14993
1.12749
0.861966
0.882128
0.755089
1.75036
0.326718
1.22138
0.212153
1.34205
0.401854
1.22616
0.49515
1.8775
1.33415
1.0839
0.619743
1.1823
1.15421
0.502782
1.3795
1.21892
0.94717
0.636474
1.16583
0.406366
0.846481
1.45778
0.773894
0.88437
0.349608
0.620132
0.958245
1.48617
1.02023
0.66683
1.23199
0.788956
0.434156
1.50804
1.6709
1.10596
0.661075
0.802416
0.595401
1.45196
1.83812
1.6681
0.587229
0.947325
1.47809
1.44978
0.650438
1.42077
1.37968
1.36916
1.0021
1.46257
1.10524
0.590694
1.28137
1.27441
0.451175
1.42517
1.80343
0.47433
1.09057
0.393989
0.249814
1.65524
1.20661
1.58053
1.40407
1.17832
1.36287
0.825547
1.04926
0.780892
0.989116
0.383219
0.393822
0.521779
0.990416
1.22281
0.142936
1.73891
0.995315
0.642769
1.46964
1.71817
0.429898
1.1741
0.996799
0.889287
0.866751
0.44635
1.35446
0.542461
1.15973
1.0055
0.923327
1.13618
1.4134
1.09463
1.7045
1.35524
0.984466
0.609293
0.934156
0.373504
0.246033
1.05743
0.921023
1.78391
0.260111
0.428563
1.63632
0.651875
1.49537
0.811449
1.12938
1.4989
0.671608
0.593018
0.0799367
0.555875
0.415244
1.61972
1.10273
1.62072
0.714732
0.433352
1.06572
0.774483
0.425773
0.234166
0.34596
1.37444
0.722954
0.740859
0.459164
0.9359
0.998272
1.00315
0.227273
1.36797
1.00134
1.57709
0.130111
1.0394
0.766329
1.00844
1.14709
0.960434
1.28408
1.28183
0.219865
1.20254
1.74695
0.596071
0.714271
0.76342
1.80686
0.491815
0.791242
0.868683
1.30128
0.575232
0.584079
0.967206
1.43236
0.87301
1.87357
0.720416
0.0706568
1.44249
1.05412
1.56582
0.769151
1.22045
1.83076
1.11506
0.916019
1.87737
0.636323
1.60767
0.891012
1.14826
1.393
1.23672
1.38316
0.619206
0.909599
0.970914
1.22961
0.336131
0.550309
0.939917
0.246049
0.580725
1.40032
1.07746
1.09518
0.670779
1.02184
0.290575
0.699886
0.645002
1.11283
1.26735
1.61482
0.490967
0.793816
0.814264
0.523539
0.995361
0.571076
0.563291
0.319219
0.665117
1.12905
0.738524
1.02311
0.49961
0.830039
0.985548
1.09241
0.346548
1.79424
1.16961
1.55397
1.06644
0.855786
0.932071
0.825935
0.973821
1.85053
1.60076
1.07523
0.657612
0.535883
1.30161
1.62221
1.24192
0.916843
0.549548
1.30891
0.874334
0.422413
1.20261
0.332016
1.0735
0.549605
1.39173
0.753797
0.262547
0.930175
1.22027
0.64074
1.05215
1.47197
1.35288
1.27826
1.81052
1.49011
1.19474
1.52528
1.53477
0.398128
0.575844
1.4963
1.06002
1.46511
0.369154
0.963671
0.873264
0.941788
1.20714
1.72899
0.957438
1.0763
1.48805
0.410653
1.29354
0.890431
1.07661
0.261185
1.86546
1.29429
0.915349
0.658567
1.4305
0.853819
0.805252
1.78534
1.13715
1.0943
1.82573
0.420515
0.180559
1.53279
1.44824
0.645315
0.170097
1.46351
0.779238
0.592778
0.706857
0.973929
1.40248
1.40394
1.37462
1.05314
0.900457
1.57668
1.12052
1.3409
1.14495
0.643847
0.631566
1.17196
0.446659
0.371732
1.55366
0.230573
1.16233
1.28557
0.187779
0.872575
1.8822
1.81269
0.829208
1.2721
0.98567
1.51446
1.26685
1.09597
0.800694
1.11018
1.17148
1.1246
0.642569
0.281498
1.04369
0.81963
0.644884
0.811556
1.25647
0.954791
0.595514
0.94423
0.637808
1.69715
1.55255
0.504242
1.0418
1.4432
1.63487
0.439271
0.634481
1.42376
0.572454
1.61745
0.936182
1.51092
0.824383
0.574186
1.21519
0.931844
1.3096
1.02815
1.07446
0.443294
0.753108
0.858553
0.820465
1.29932
0.686125
0.33812
0.522615
1.30715
0.151089
1.15881
0.496619
0.750158
1.8897
0.553868
1.03185
1.50132
1.34086
1.52105
1.11721
0.90017
0.27255
0.552415
0.448867
1.04179
1.19799
0.25866
1.22067
0.796668
1.53277
1.46139
0.187857
0.99247
1.30692
0.89164
1.03851
0.977685
0.944117
1.12243
0.610692
0.907297
1.04107
1.54977
1.0419
1.4468
0.326585
0.637424
1.29137
1.48363
0.742441
0.896072
1.25753
0.390112
0.447444
0.126478
0.716034
0.63465
1.08194
0.625403
1.27163
0.0987377
0.952326
0.378918
1.32667
0.887712
1.45341
0.494365
1.12871
0.961037
0.573354
0.899396
0.389225
0.550494
1.30045
1.7153
1.5798
0.745169
1.3143
1.00214
1.27767
1.21263
1.3376
1.13927
1.19243
1.24874
1.65064
0.850706
1.04502
0.843365
1.22767
0.648474
1.82369
1.71045
1.20264
1.36521
1.16581
1.43726
1.55613
0.880316
0.30278
1.07604
1.48404
0.76972
0.307441
1.27654
0.417556
1.65061
0.683867
0.734464
1.52588
1.36637
1.32001
1.54008
1.12772
1.43317
1.07317
1.29951
0.29974
0.911095
1.6599
1.00756
1.04154
0.672367
0.768465
0.977444
1.07375
0.665322
0.61947
0.994905
0.354834
0.741878
0.232965
0.796865
0.762207
0.23564
1.01842
1.12415
1.56275
0.983549
1.36857
0.0615266
1.43555
0.69367
1.55558
0.825304
0.985818
1.53814
1.68588
1.28748
0.64578
1.7168
0.642538
1.76781
0.31
0.06589
0.334487
0.887665
0.965383
0.874454
0.867002
0.658655
0.87016
0.314942
1.10637
0.783811
1.03154
1.04707
1.44581
0.432066
0.342643
1.20882
1.08043
0.559037
1.21399
0.665264
0.331706
0.926996
1.48944
1.32019
1.33663
1.32798
0.982783
1.0871
1.05416
0.327229
0.730244
0.835449
1.09688
0.75412
1.73181
1.72666
0.109473
0.920924
1.12343
1.09379
0.573606
1.61723
0.930621
1.71389
0.747454
1.52515
1.17354
0.373592
1.46787
0.438115
0.639817
1.14801
1.38242
0.741155
1.55775
0.757733
1.7304
1.16871
0.68926
0.998679
1.15243
1.6793
0.249136
0.361901
0.961237
1.70152
0.755944
1.09237
1.09161
0.620109
1.74411
1.05923
0.851117
0.376777
0.974839
0.707859
0.33374
1.90672
1.46262
0.701907
1.77865
0.775266
0.991888
0.970281
1.02987
0.782415
0.901896
1.06247
1.32704
1.17983
1.09985
0.765768
0.911785
1.39933
1.30341
1.05142
1.06901
1.10939
1.57391
1.88776
0.853622
0.175699
0.74696
1.61379
0.845291
0.447373
0.422801
0.936153
1.22825
1.14476
1.0945
1.05401
0.586077
0.666394
1.09089
0.812105
1.29072
0.55057
0.424824
1.69284
0.62739
0.757791
0.309455
1.36104
0.771782
0.341861
0.809286
1.26974
1.46721
0.588491
1.40094
0.770628
0.867346
1.06732
0.705059
1.19654
0.918878
0.125251
0.950643
0.774211
0.73169
0.870701
1.00208
0.989022
1.38922
0.482706
0.976821
1.16083
0.848637
1.2972
1.65306
1.63056
0.699798
1.54757
0.666419
1.51918
0.949504
0.359022
0.350117
1.23184
1.23965
0.540749
0.71326
1.00251
0.905251
0.598613
0.637099
0.806063
0.803722
0.90203
0.942745
1.07993
1.3541
0.407415
1.11643
1.82
0.878491
0.537735
1.54056
0.923981
1.32201
1.57563
0.321558
1.18627
0.589904
1.01434
1.02882
1.4316
1.18283
1.27938
0.586591
1.11749
0.829409
1.80301
0.458953
1.33367
1.34125
1.01684
1.74702
0.791872
0.513968
0.897119
0.424303
1.59631
0.711331
1.19629
1.46264
0.533126
1.86478
0.739261
1.17745
1.70006
0.685505
0.988044
1.96699
0.482628
0.92204
1.51139
1.00009
0.647094
1.14718
1.9321
0.590845
1.55575
1.09548
1.60425
0.351271
0.918439
1.0785
0.0298803
0.624116
0.787969
0.587162
1.31056
1.3179
1.31248
1.13233
1.16894
1.04546
0.721382
0.437254
0.961272
0.819702
1.53524
0.575138
0.975237
1.49024
0.719189
0.437676
1.1509
1.39314
0.898956
0.633182
0.815131
1.24839
1.43805
1.19484
1.29287
0.808508
1.71923
0.54875
0.815434
1.73425
0.687001
1.32842
0.687723
1.27655
0.733893
1.0597
0.655866
0.819757
0.672837
0.901074
0.118618
0.362258
0.626175
0.497717
0.16085
1.86593
1.73217
1.00262
1.49359
1.22984
1.82037
0.618936
1.50286
0.868052
0.928608
1.09198
0.926635
1.10823
1.20507
1.31929
1.73651
1.1921
0.11928
1.33707
1.14087
1.21248
0.488534
0.83429
0.791507
0.314166
0.878788
1.13774
0.828928
1.58099
0.900522
1.62762
0.675787
0.584615
1.04082
1.77601
1.14763
0.205402
1.4222
0.997754
0.975006
1.03198
0.411107
0.450732
0.840676
0.735831
1.40173
0.69483
0.383408
1.48306
0.80154
1.31663
0.87807
0.284084
1.07595
1.02761
1.66554
1.03691
1.51415
1.7221
1.76093
0.0943126
1.39789
1.67941
0.240161
1.11889
1.82301
1.07297
1.53331
0.452125
0.984275
1.53201
1.42542
1.36064
1.50809
1.43583
0.666328
1.0325
0.744066
1.37072
0.871561
1.02939
0.601157
0.553905
1.40316
0.515946
0.910222
0.515375
0.249434
0.980662
0.779709
1.44214
0.818383
0.272313
1.54777
1.7227
1.14147
1.09466
1.29732
0.460404
1.27307
0.691437
0.850309
1.34146
0.635438
0.736858
0.785081
1.57251
1.02456
0.79409
0.908666
1.02506
0.840368
0.98033
1.83593
0.672776
0.847745
0.910593
0.443619
1.45092
0.392109
0.693591
1.39894
1.53086
0.760994
0.248233
1.30882
0.772485
0.654624
0.583987
1.08272
0.908908
0.678548
0.399706
1.08502
1.12973
1.52931
1.04922
0.307618
0.778397
0.808173
1.27537
1.32511
1.38677
1.15846
1.4756
1.56059
1.53906
0.455781
1.17415
1.17227
1.34075
1.54766
1.33406
0.262696
1.36234
1.51588
0.611313
0.711511
1.0852
1.80677
1.37894
0.93137
0.80865
1.05722
0.363967
0.815771
1.33103
0.715378
1.72033
0.607128
1.34997
1.08539
0.224211
0.701908
1.21606
0.829363
0.825979
1.59281
0.666904
1.11459
1.05748
0.112838
0.261872
1.52055
1.09567
1.90708
0.849512
1.15274
0.221129
1.15558
1.03679
0.58327
1.6246
1.11858
0.917297
0.880589
0.979912
0.951156
1.01685
0.786564
1.03729
1.41789
0.661651
1.722
1.07304
1.08232
1.03505
1.24883
0.05025
0.708608
0.411637
0.706582
0.424831
1.7477
0.891239
1.32965
0.894538
0.780925
0.875714
1.52328
0.962756
0.375705
1.45945
0.754251
0.0583798
1.88747
1.35226
0.855179
1.06543
0.71661
1.33887
1.03037
0.148867
0.756928
0.373968
1.35481
1.8436
0.72229
0.393718
0.295612
1.1507
0.824437
1.11407
0.318887
0.56608
0.537009
0.421581
0.956811
1.26023
1.634
1.45608
0.97142
0.620428
0.669058
0.730851
1.30747
1.65569
0.898268
0.810851
1.78014
0.999
0.963566
1.08796
0.394273
0.582278
1.60211
0.874369
0.969625
1.40975
1.39699
1.12727
1.10779
1.03123
1.40778
1.86687
0.910902
1.39613
0.355963
1.0096
0.317661
0.813188
0.699274
0.6303
0.123069
0.417129
0.24607
0.889167
0.405425
1.06084
0.489759
0.670673
0.568331
0.980695
1.56944
1.77221
1.15944
0.621102
1.16918
1.66824
0.944925
0.209869
0.797942
1.3283
0.961535
1.36891
0.9194
1.7675
1.3294
0.571676
1.76136
1.01997
1.17793
0.877024
0.664899
1.17185
1.34755
1.68492
1.0538
1.0383
0.267306
0.518368
0.964248
1.14097
0.652735
1.75815
1.38219
0.96399
0.931665
1.91432
1.74406
1.48125
0.633678
0.859
1.49288
1.09265
0.583717
1.27594
0.427727
0.899209
0.508705
0.843101
0.724234
0.324814
0.666292
1.0074
1.21952
0.343729
0.581758
0.908577
0.769531
1.19076
0.338518
1.0095
0.823112
0.88534
1.15107
0.628913
1.02176
0.72395
0.605407
0.692895
1.20895
0.0874821
1.22135
0.446795
1.52936
1.68695
0.735039
0.890636
0.804363
1.15924
0.711576
1.04338
1.20272
0.976332
0.578489
1.9278
1.17268
0.995082
0.144168
0.350531
1.31411
1.14456
0.586886
0.864267
0.530694
1.02384
1.24763
0.646353
0.906242
0.976294
0.824814
0.260266
0.657723
0.454256
0.44027
0.412109
0.650719
1.13857
0.810265
0.430329
1.23385
1.42647
0.56745
0.728738
1.03476
1.1664
1.35089
0.940437
1.5919
0.046689
1.16541
0.63828
1.08127
0.851909
0.664917
0.712429
0.563444
0.860003
1.01871
1.5556
0.526271
0.732283
0.375955
1.30086
0.816368
1.84216
0.525159
1.51739
0.707153
1.01735
1.06738
0.720808
0.434082
0.686038
1.11525
1.12229
1.75003
0.712749
0.626522
1.39401
0.707656
1.60833
1.64831
0.473171
0.919609
1.1224
0.913116
1.36327
0.634392
1.67843
1.83559
1.33871
0.869259
1.6283
0.813651
1.39732
1.26678
1.33481
0.493239
1.24824
0.706468
0.85373
1.01933
0.841321
0.731869
1.18796
1.46191
1.13646
1.16407
1.87611
1.60264
1.01787
0.850723
0.425682
0.702348
1.00099
0.956265
0.879049
0.944718
0.656322
1.40805
0.67989
0.627516
0.439613
1.46881
1.14476
0.482708
0.529144
0.512443
1.13775
1.51405
1.17912
1.50189
1.38553
1.00098
0.877407
1.11663
0.360159
1.26485
0.722068
1.11829
0.949317
0.966598
1.39443
0.414828
1.14962
0.323175
0.581266
0.50242
0.528099
0.284331
0.493943
1.1092
1.26614
1.39161
1.22596
1.1527
1.63359
1.19246
1.56389
0.867743
1.31065
0.710641
0.853773
0.661746
1.23763
0.89485
1.12258
1.00279
1.16124
0.613568
1.28243
1.01959
1.11273
0.417806
0.82838
0.491266
1.08456
1.07307
1.63873
1.69688
0.854229
1.85914
0.715672
0.544842
0.942108
1.57072
0.965757
1.37992
1.25639
0.225923
0.25798
0.795321
0.136491
1.07368
0.867142
1.84685
0.966576
1.54512
1.60373
1.60295
1.15545
0.754993
1.12526
1.12305
0.578519
0.336809
0.502329
1.60048
1.65599
1.30531
1.60056
1.02391
0.252643
0.942324
0.959637
0.905618
1.53593
1.05126
1.49693
0.801189
0.945679
1.28719
1.08958
0.271834
1.05114
0.924348
0.187254
0.655459
0.138693
1.28371
1.25482
0.77839
1.45703
0.464306
0.626915
0.482688
1.05444
0.997026
0.934927
1.41481
0.992913
0.804171
1.74742
0.634707
0.876771
1.16919
0.659077
0.733106
1.70019
0.513652
1.15251
1.19785
1.03821
0.54109
0.501008
0.915556
0.141706
0.532764
1.41567
0.646952
0.787855
1.23808
0.63825
1.02658
0.360544
0.938649
1.05978
0.449508
1.81432
1.68795
0.792804
0.636057
0.492796
0.301981
0.994029
0.852386
0.945583
0.526249
0.641701
1.12997
0.513634
0.174714
1.59604
1.58559
0.472843
1.69568
1.16076
1.10141
0.691951
0.933999
0.647194
1.1425
1.02125
0.842462
0.936397
1.6728
0.514614
0.665989
1.44502
0.786863
1.2183
1.22705
0.921607
1.23814
1.0587
1.75574
0.788863
1.10775
1.54032
1.23881
0.882212
1.23876
0.589303
1.38941
0.827069
0.59989
1.10345
0.745527
1.58111
0.522612
0.860282
0.493553
1.17242
0.950847
1.17138
1.28387
0.141685
1.63858
0.970368
1.45104
0.96595
0.923026
1.85227
1.133
0.814986
1.1622
1.56894
0.412261
1.87196
1.77095
1.4816
1.21784
0.761739
1.40741
0.672096
1.25299
1.05106
1.50684
1.78647
0.541195
0.941443
0.874577
1.11633
1.63361
1.1654
1.83708
0.777849
0.922147
0.213271
0.568347
0.489043
0.413268
1.63705
1.2273
1.28917
0.88176
0.265553
1.64654
0.16274
0.652476
0.1979
1.09557
1.42102
1.1566
1.54314
0.775848
0.40641
0.240046
1.48571
0.740302
1.37013
0.671773
1.45685
0.779627
1.35356
0.0509945
1.37206
0.69777
0.42891
0.816167
1.41278
0.680912
0.772885
0.261203
1.61327
1.24143
1.77319
1.61694
1.23689
0.169219
1.82815
0.50476
0.764117
0.650039
0.822101
1.04556
0.704819
0.608728
1.33566
0.577233
0.965975
1.0001
0.900052
1.34249
0.775646
0.140178
1.51525
1.12496
1.35848
0.888491
0.871178
1.0485
0.595216
0.494731
1.2042
1.17572
0.789922
0.433091
1.19499
1.30926
1.04419
1.53056
1.23878
1.04576
1.24727
0.30527
0.637408
1.74707
0.611788
1.79264
0.489471
1.43522
0.879962
1.37737
1.132
1.10125
1.1926
1.24195
1.16045
0.516511
0.471832
0.500683
1.47988
1.33235
1.32371
1.13403
1.41099
1.39017
1.52687
0.291066
0.422956
1.21067
0.485226
0.833023
0.365742
0.920306
0.839833
0.604968
1.15694
0.767977
1.08806
0.276587
0.466378
0.68505
1.38062
1.07356
0.662119
0.472374
0.176298
0.943436
0.964146
1.32209
0.925201
1.64583
0.706033
0.826833
0.606278
0.726929
1.26872
0.631798
1.2809
0.856979
0.950542
0.914344
0.597643
1.362
1.03426
0.737079
0.990956
0.63642
1.4848
0.0198997
1.25742
0.415329
0.870765
1.64147
1.41859
1.19613
1.36726
1.1285
0.936946
0.974766
0.988035
0.646201
0.849178
0.559245
1.36321
1.16464
0.254911
1.1542
1.31059
0.334435
1.64602
1.04712
1.43728
1.43493
0.631624
1.37357
0.694818
0.68407
1.23625
0.691223
1.2005
0.710543
0.790847
1.37494
0.99257
1.36634
1.01057
0.356485
0.253161
0.636068
0.349859
0.949956
1.24696
0.60353
0.70285
1.11858
0.897861
0.155089
0.883878
0.491738
0.138605
0.827745
0.621857
1.36559
1.51243
0.823835
0.836943
0.727197
0.704167
0.831122
1.01924
1.44612
0.616215
0.450391
1.62193
0.981961
0.484311
1.07791
0.605173
1.32009
0.491688
1.24045
0.849086
0.649352
1.05992
0.664466
1.19366
0.783143
0.995851
1.69159
0.919439
0.87568
0.74404
0.793202
0.663447
0.732866
1.05353
1.44548
1.14921
0.720528
1.26672
1.02547
0.975586
0.875023
1.2042
1.17972
1.30806
1.00912
1.28905
1.3792
0.720734
0.0685225
0.446734
0.91978
0.547237
1.49015
0.661622
1.69992
1.39019
0.555005
0.765257
1.15164
1.79087
1.80346
0.968927
0.403072
0.633843
0.498764
0.68677
0.336004
0.70521
0.7114
0.764349
0.663034
0.770385
1.30948
0.597944
1.22649
0.717062
1.33676
1.00914
1.59133
1.10688
0.564418
1.14133
1.00083
0.649086
0.939059
0.88622
0.976904
0.804191
0.808439
0.64589
0.748457
1.51848
0.666987
0.53406
0.578896
0.274776
0.594087
0.652819
0.331118
0.851162
1.72776
1.20899
0.62813
1.31247
0.91591
1.87576
0.94961
0.956657
0.715699
1.17176
1.95939
0.468264
1.60545
1.08646
0.669818
0.274175
1.07797
1.07284
0.612156
0.770771
0.309126
1.0323
1.22953
0.681318
0.506265
1.34807
1.03811
0.648597
0.616388
1.46302
1.62541
0.650339
1.14301
0.984619
0.567778
0.939485
1.02216
0.834058
0.604363
0.307372
1.49504
0.98247
0.778124
1.15439
0.843192
0.687835
0.846241
0.690277
1.61745
0.526241
1.57803
0.68344
0.342608
1.27786
0.2577
0.38097
1.69614
0.464324
1.18187
1.19985
1.29797
0.770037
1.24842
0.513775
0.463986
0.810557
0.586167
1.05046
0.925284
0.957555
0.372942
0.935526
1.48823
1.05375
0.505795
0.568504
0.629979
0.51221
0.955853
0.432044
0.624795
0.443619
1.16146
1.10213
0.48636
1.34885
0.78913
0.769161
1.45721
1.24846
0.538062
0.407583
1.10251
1.33468
0.592367
1.0087
1.14563
1.50016
0.622538
1.08533
1.02348
0.991979
0.825741
1.12774
1.07196
1.57136
1.17576
1.8783
1.04871
0.550385
1.75001
1.3524
0.828408
0.494247
0.390349
0.474873
0.899734
1.4509
1.05573
1.14869
0.442953
1.05252
0.695167
1.65237
0.97531
0.708692
1.37338
1.42039
1.25625
0.985082
1.35109
0.699933
0.925449
0.839405
1.55967
0.841193
1.35003
1.08411
0.741838
1.12089
0.919948
1.54828
1.58625
1.15074
1.20981
0.62529
0.619528
1.01937
0.2732
1.47702
0.449446
0.350455
0.974178
0.684775
0.86833
1.4428
1.50649
1.10316
1.47215
1.16472
0.50909
0.443137
1.42514
1.11821
0.20916
0.835663
1.29959
0.771962
0.545194
0.50855
1.38776
1.278
0.333275
0.523569
1.37688
0.891224
1.39798
1.46408
1.09303
0.475335
1.18727
1.35521
1.03666
0.955673
1.10627
0.306693
0.842222
0.798893
0.836871
1.20382
1.7181
0.977607
1.97697
1.66875
0.490951
1.28813
0.345749
1.6826
1.07418
1.37476
0.885341
1.60133
0.707493
1.38812
0.627116
1.80216
0.390128
0.376933
1.21363
0.876708
1.32706
1.65758
0.635683
1.96711
0.884417
1.71149
0.51625
1.00513
0.25025
0.775059
1.43609
0.7249
0.197473
1.54164
1.59855
1.78066
1.48165
1.58096
0.604527
1.01261
0.601926
1.09659
1.01739
0.5018
1.25619
0.351187
0.521116
0.634124
1.7157
0.107945
1.70239
1.18697
1.63632
0.580732
0.464588
1.25514
1.16925
0.383985
0.907793
1.36423
1.67348
0.786114
1.69495
1.21617
0.214864
1.60229
1.79779
0.531582
1.73934
0.233186
0.743094
0.701991
0.503666
0.769602
1.2122
0.835779
1.13433
1.46331
1.13815
1.3909
1.09046
1.11297
1.18722
1.15921
1.06282
0.333468
1.03241
1.29886
1.59238
0.738363
0.891285
0.892493
1.35593
0.938501
1.11412
1.09404
1.60244
0.459327
1.37678
1.53703
0.647228
1.0553
0.941994
1.26272
1.00523
1.13175
0.97923
1.17966
1.04561
0.597403
0.948423
0.712918
1.81846
1.17714
0.85347
1.09077
0.664711
1.67278
0.993126
0.762763
0.514433
0.939037
1.35883
1.22766
0.546096
1.02577
0.397418
1.32774
1.60347
1.00376
0.495959
1.07178
1.30831
1.02525
1.19779
0.673096
0.553509
0.558446
1.46963
1.31584
1.41696
0.188406
1.18339
1.35749
1.04136
1.05649
0.981681
0.965182
1.37848
1.5202
0.980135
0.521469
1.40932
1.6564
0.485848
1.00769
0.57152
0.51527
1.56456
1.28833
0.90342
1.20709
1.71035
1.06577
0.2211
1.02634
1.04097
0.319606
0.996316
1.31914
0.200499
1.17994
0.298109
1.14005
1.35971
0.802115
0.69797
1.38883
1.01557
1.24698
1.09017
1.00933
0.962503
1.35522
1.29848
1.11926
0.897182
1.21293
0.496194
1.64085
0.85781
1.58215
1.33123
1.16436
1.02938
1.75766
1.30721
0.337267
1.15532
0.563155
0.243109
0.764639
1.00732
1.3467
1.353
1.1399
0.819171
1.1831
1.38898
1.6028
0.0683934
1.71409
0.708507
1.56496
0.671591
0.440529
1.76284
1.2397
1.02339
0.845722
1.45836
0.606976
0.966546
0.998734
0.562406
0.552242
0.615833
1.0619
1.70643
0.4486
0.280463
0.471757
1.50036
1.02729
1.05858
0.56449
0.632453
0.81648
1.31458
0.833791
1.13541
0.392289
1.32994
1.64269
1.25048
0.991835
0.352208
0.823095
0.720274
1.21813
1.50332
1.10785
0.937532
1.11135
0.961863
0.442652
0.343579
0.49414
0.747753
1.38813
0.32679
0.836287
1.05799
0.98107
0.970726
1.36982
1.7676
0.51134
0.974146
1.10652
1.23545
1.25579
1.45026
1.48668
1.11952
1.32841
1.2612
1.22461
0.983354
1.59126
1.02335
0.738159
0.238672
0.685127
0.756326
0.802166
0.92217
1.32779
0.849599
1.24609
1.10117
0.88625
0.191983
1.1834
0.691475
1.11204
1.01227
0.356244
0.730839
1.66671
0.776287
1.13374
1.27695
0.220396
1.00672
1.3772
1.23917
1.61248
1.3645
1.16379
1.80682
0.124534
1.03973
1.84225
1.83288
0.911917
1.40308
0.952408
0.756849
0.793726
1.01027
0.78723
0.463786
1.24027
1.15695
1.41742
1.07032
0.906033
0.784173
0.885554
0.935555
0.24769
1.19458
1.51605
0.334498
0.959088
1.16386
0.922729
0.828596
1.39862
0.766613
1.36708
0.689482
1.27123
0.468144
1.23936
1.0288
1.74416
1.21276
1.27394
0.347059
1.29863
1.5577
0.95791
0.675848
0.723603
1.59425
0.46723
1.26209
0.377068
0.98862
0.958431
1.56739
0.980816
1.0656
0.835157
1.02646
0.90831
1.05333
0.747914
1.12015
1.56349
0.717631
1.31084
0.881423
0.771939
0.605413
1.36668
1.06636
0.531758
0.992403
0.579348
0.719272
0.209178
1.55441
1.71528
0.804304
1.30941
0.695773
1.05774
1.08033
0.636655
0.765938
1.77203
0.754678
0.802632
0.388719
1.43246
0.993544
1.17982
1.08646
0.505981
1.64578
0.891373
0.963527
0.789749
0.653333
0.961625
1.69886
0.233827
1.14353
1.31966
0.302217
1.5157
0.580829
1.29664
0.924939
1.07509
1.17845
1.04557
0.55968
1.08308
0.933281
1.29046
0.699522
0.878993
1.45326
0.387428
0.94363
0.639355
1.53649
1.23632
1.00176
1.76934
1.34544
0.273281
1.5475
1.70126
1.2941
1.38416
1.00163
0.870196
0.64443
0.913954
0.788171
1.14597
1.1094
0.99919
0.279802
1.34435
0.979422
1.25413
1.32199
1.38467
0.468579
1.2663
0.516587
1.73597
1.62275
0.910664
0.458973
0.403858
1.28142
1.05587
1.59459
1.76676
1.62663
1.53076
0.894464
0.878468
1.00276
0.324541
1.0927
1.32815
0.980971
0.661439
0.917689
0.259877
1.05353
0.661302
1.25822
0.957177
0.564936
0.508609
1.35502
1.1497
0.532725
0.743512
0.58656
0.966063
1.2077
1.27871
1.01323
0.402732
0.48525
1.64472
0.212121
1.59861
1.44526
1.07089
1.10798
0.636366
0.801567
0.758368
0.18168
1.55389
1.31349
1.33947
0.71362
0.993678
1.04743
0.932184
0.953961
1.05766
1.13132
1.40228
1.72441
1.0183
1.30745
0.964619
0.958919
1.60741
1.58992
1.22232
0.406581
1.42483
1.19065
1.05733
1.54071
0.244348
0.899339
1.3838
0.632276
0.531703
1.45938
1.1605
0.811992
1.2932
0.928557
0.990107
1.33386
1.38862
1.2068
0.807206
1.76837
1.24293
0.809303
0.564184
1.67893
0.372319
0.764508
1.74378
1.69907
0.724033
0.229336
1.50017
0.572289
0.296162
1.20107
1.06886
0.606922
0.651479
1.59632
1.16122
1.10447
0.968094
0.943571
1.34616
0.867788
0.975931
0.840994
0.841677
0.262359
0.880347
1.04061
1.51191
1.15062
0.546779
0.68122
0.780463
1.40362
1.13899
1.17033
1.23464
1.25128
1.13441
0.246775
1.28954
1.35799
1.0855
1.69237
1.51121
1.06823
0.570073
0.583026
1.39758
0.713984
0.471155
0.178158
0.659131
1.12157
0.615642
0.608172
0.697535
0.245624
1.05674
0.954425
0.975605
1.35392
1.25631
1.59621
0.197521
1.30782
0.630181
1.18015
0.822614
1.27641
1.89322
0.94966
1.50814
1.20449
0.668439
1.43827
0.700703
0.921265
1.80462
0.305255
0.905256
1.05497
0.821975
1.01424
1.1052
0.597405
0.812475
0.774147
1.21742
1.06923
0.57791
1.04602
0.935417
0.413076
1.03608
1.08798
0.945201
0.547397
1.19129
0.95531
0.941869
1.17639
0.912529
1.15804
0.896594
0.830544
1.39588
1.32886
0.767847
0.273258
0.87205
1.08508
1.13843
1.61771
1.38396
1.32087
1.32953
0.43952
0.700181
1.19027
1.29174
1.30204
1.19502
0.519429
1.93577
1.02034
1.78901
1.243
1.57704
0.896392
0.321556
0.841464
1.59051
0.961798
0.307593
0.519329
0.547483
0.420271
0.894708
0.615794
1.34666
0.262363
1.04352
1.45392
1.0377
1.08952
1.59373
0.31712
1.14886
0.940252
1.52169
1.05073
1.09871
0.893848
1.03077
0.76432
1.15363
1.81441
0.957176
0.0499061
0.725019
0.583857
1.31901
1.22501
1.97851
0.424649
0.781892
1.38845
1.64843
1.48565
1.33344
1.37008
0.673132
1.149
0.316978
1.85158
0.566977
0.821844
1.77419
0.82572
0.328459
1.10415
1.07241
0.604062
1.53302
1.07773
1.38617
1.52925
1.92172
0.826173
1.01959
0.816571
1.36264
1.09298
1.43338
1.36215
1.28934
0.812145
1.02344
0.975836
0.933387
0.238413
0.665312
1.13118
0.388348
0.639688
1.65986
1.14642
0.582155
0.632539
0.780282
1.2124
0.331317
0.757306
1.0015
0.759281
1.52478
0.700772
0.445403
1.48302
1.07775
0.989092
1.62176
1.58199
0.225469
1.11262
1.27644
1.58722
0.696791
0.64318
1.25623
0.935906
0.57029
0.796884
0.70632
0.592809
0.0883905
1.25909
1.67805
1.47303
1.37682
0.473325
1.29515
0.872144
1.30154
1.67682
0.650445
1.28087
1.21106
0.86198
1.51325
1.64844
0.781053
0.989335
1.41661
1.27343
0.326255
1.62576
0.582673
1.06803
1.78646
0.463896
0.488211
0.12564
1.46434
0.927005
1.6727
1.4055
0.359454
1.13935
1.05819
0.930477
0.864913
1.08455
1.31333
0.314923
1.02947
1.07249
1.37221
1.18589
0.861607
1.30061
0.671527
0.946199
0.298575
0.958789
1.83925
0.880339
1.82106
0.637924
1.22944
1.35368
0.69241
0.345751
1.14942
0.861125
0.609537
0.752276
1.23429
0.316027
1.40041
1.19586
1.67926
1.08963
1.29214
0.804102
1.35468
1.22355
1.0011
1.03522
1.39927
1.3785
0.827815
0.646923
0.646381
0.575073
1.73041
0.435999
1.00449
1.87634
0.385864
1.03886
1.48844
1.89899
0.9034
1.24078
0.808532
0.50015
0.574174
1.47328
1.33043
1.38658
1.77576
0.289042
1.16606
1.36753
0.479754
1.55982
1.12945
0.909655
0.668779
1.13758
1.39349
1.64233
1.50826
1.59073
0.959005
1.65456
0.654943
1.77205
0.805153
0.832158
1.47087
1.3861
0.792501
0.652769
1.29259
1.24057
0.903388
0.942058
1.70671
1.15981
0.452654
1.59022
0.948804
1.16035
0.795482
0.968323
1.52193
1.2255
1.41281
1.14779
1.39549
0.385653
1.02452
0.928608
1.19566
0.655975
1.00424
1.41037
1.44635
1.07583
1.64359
1.2718
1.00262
1.01592
0.268666
0.872994
0.947538
1.26386
0.567949
0.540739
0.953777
0.456992
1.27898
1.92924
0.574502
0.339479
1.39444
1.32197
0.906324
1.24053
1.32501
0.614741
0.563488
0.467358
1.63204
0.589555
0.456011
1.13029
0.786394
0.746824
1.19902
0.901415
1.32878
1.75328
1.10569
0.471302
0.871114
1.45721
1.01019
1.19717
0.641023
1.69204
0.318963
0.850248
0.34535
1.04064
0.381465
1.57341
1.31365
0.839933
0.577671
0.834481
0.769433
1.02841
1.56008
1.07589
1.20024
1.24626
0.779277
0.973331
0.756418
1.17935
1.40103
1.08654
1.35075
0.315479
1.79015
0.515607
1.35124
0.972925
0.929698
1.16521
1.31727
0.734748
0.747567
1.38263
1.04445
1.52679
1.26159
1.11675
0.16196
1.04349
0.282618
0.557469
1.46925
0.986721
0.88747
1.25559
1.25575
0.486157
1.32849
1.13149
1.55445
0.850398
0.967563
1.16737
1.37769
0.250669
0.951723
0.700073
1.37336
0.67169
1.76367
0.371703
0.830851
1.10776
0.966014
0.633065
0.861228
0.896161
0.994418
1.59294
1.47185
0.47446
0.484781
0.743178
0.72232
1.65308
0.601503
1.31792
0.244114
1.09375
1.32647
1.84363
0.625396
1.06117
1.17469
1.13657
1.58317
0.808825
1.1326
0.47134
1.22455
1.24571
1.51181
1.10039
1.40411
0.889486
1.21463
1.07767
0.40984
0.605566
0.333694
1.05776
0.805903
0.985472
0.717725
0.677661
0.216766
1.32822
1.16566
0.832922
1.11271
1.02169
1.12814
0.516601
1.07594
0.85694
0.556746
0.365974
1.44559
1.48364
0.398215
0.430241
0.95414
0.351373
1.55871
1.00214
0.185347
1.56236
0.53244
1.28127
1.20626
0.767146
1.18532
0.681741
1.14711
1.52902
1.10281
1.22133
1.93358
1.09677
1.70804
1.02534
0.990518
0.468351
0.977482
1.92249
1.65954
1.61047
1.6148
1.23496
0.962285
0.79731
1.71782
0.835329
1.39004
1.57197
1.06429
0.600645
1.07495
1.59552
1.42278
0.455849
0.84308
0.991382
0.633403
0.604254
1.53811
1.37798
0.729678
1.45194
0.849919
0.785852
1.25787
0.546041
1.53352
0.589711
1.02444
0.95941
0.999484
1.73055
0.441645
0.296538
1.83125
0.652446
0.671332
1.69759
0.547701
0.190509
0.753932
0.807757
1.42922
1.59924
0.716271
0.504138
0.756263
0.643933
0.879394
0.587184
0.992697
0.533778
0.842732
1.26718
0.347247
0.596841
0.668782
0.221753
1.39418
1.46256
0.892904
0.882431
0.503886
1.08454
0.886911
1.11974
1.0766
1.34033
1.35394
1.05136
0.498801
0.169259
1.06423
1.37911
0.662758
0.706673
1.61635
0.834476
0.643342
0.952857
0.518075
0.614139
0.292392
1.27126
1.5577
0.822607
0.732936
0.373035
0.978833
0.964156
1.12076
1.05677
1.90306
1.20597
1.25575
1.22239
1.05884
0.956233
0.476776
0.640984
1.08246
0.787026
1.41941
0.997855
1.13714
0.851628
1.41019
1.25041
0.94219
0.880736
1.27156
1.08784
1.08585
0.753752
0.917199
1.59471
0.984887
1.26154
0.366634
1.67048
0.67078
1.29155
0.737996
1.05223
0.640211
0.220599
1.79225
0.682374
0.990011
1.39553
0.751368
1.79682
1.80577
0.999205
1.07837
0.393525
0.747526
1.65643
0.614677
1.51761
1.12842
0.889174
1.09541
1.25118
1.00913
1.48901
1.8821
1.40795
1.34073
1.23949
0.217719
0.792152
0.5325
1.50288
1.22592
1.02974
0.869649
0.996417
1.29644
1.39759
0.880235
1.0193
1.3013
1.30769
1.57
0.777099
0.443209
1.56951
1.54033
1.06599
1.06088
1.09865
0.927893
1.31033
0.431791
1.14025
1.18723
1.12171
1.06675
1.04349
1.66823
1.28387
1.48715
0.352945
0.650874
0.634593
0.752986
0.529261
1.28493
1.53799
1.06715
1.16972
1.17238
1.30442
0.924064
1.10012
1.06597
0.541762
1.56389
0.837118
0.651777
0.978505
0.486797
0.62758
1.36828
1.32936
0.51919
1.41591
1.57316
1.20422
0.542289
0.781626
1.21908
1.45089
0.886624
0.429489
1.65433
0.78171
0.583028
0.365334
1.05848
0.738695
1.52139
0.41585
1.27519
1.56422
1.03752
1.14154
1.47277
1.84438
0.226619
0.332412
1.71624
0.472928
1.11165
0.778615
0.764981
1.4505
1.63294
0.873409
0.787465
0.23833
1.49907
1.23114
0.238534
0.627682
0.843785
0.649874
0.584721
1.49868
0.761433
0.812861
1.75251
1.41503
1.7074
1.08033
0.33703
1.3768
1.03657
0.807827
1.1922
0.979387
1.02076
1.03156
0.870612
0.805106
1.33021
0.800053
0.863152
1.11895
0.557598
1.59272
1.77404
1.46282
0.155641
1.55927
0.315592
1.52209
1.01168
1.08175
1.05459
0.966694
0.496448
0.716822
0.876815
1.03684
1.25434
0.629815
0.81773
1.13805
1.31146
0.791195
0.76871
0.969033
1.05765
0.251016
1.53978
0.647551
1.17662
1.40915
1.20722
1.47496
1.05896
0.878487
0.351097
1.37383
0.977949
0.453976
0.761977
0.592297
0.658324
0.581078
1.10661
0.735605
0.134519
1.32835
1.37615
0.0888995
0.105758
1.40899
0.757011
0.122109
0.72881
1.05236
0.840144
0.160793
1.04157
0.748627
0.928655
1.08748
0.781511
0.801483
1.50969
1.08223
1.24121
1.1631
1.20939
0.784158
1.0976
0.0907714
0.703451
1.06792
1.1415
0.600914
0.022087
0.773823
1.08752
1.07364
1.6812
0.161289
1.01388
1.2302
1.12345
1.11704
1.3022
0.690388
0.774532
1.48771
0.730338
0.373384
1.20878
1.21259
0.483885
1.06719
0.978093
0.809997
1.1496
1.01501
1.28442
0.791729
1.66932
0.829328
1.18128
0.790288
1.81033
1.57848
1.8524
1.70954
1.28194
0.93222
0.920689
1.2665
1.06891
1.29277
0.812571
1.2495
1.7448
1.28679
0.900349
1.75077
1.11646
1.50374
1.2387
1.16176
1.08692
1.18771
1.2
0.49226
0.37915
0.820554
0.913611
1.31758
1.1697
0.846705
1.00271
1.14027
0.724429
1.46258
0.542107
1.31312
0.419894
1.03997
1.29172
1.3192
1.28554
1.02841
1.25875
0.980684
0.795094
1.16762
0.942888
0.614194
1.44949
1.56952
0.984839
1.38014
1.02725
1.12073
0.487526
1.05365
