Uniforme_-2_10
6.65591
8.59862
7.35533
8.87691
2.29323
9.45722
-0.62089
4.77687
5.14388
8.87627
-0.456209
5.64002
3.97798
0.495962
3.94936
-1.95226
-0.202167
8.76532
8.83558
9.44969
7.67905
3.75772
6.77825
1.95546
1.49332
-1.52325
4.28523
9.70151
2.5805
-0.121044
-0.834555
3.87745
2.72083
6.90502
3.77628
1.64641
9.80127
4.7826
-1.674
5.25996
8.53953
8.95038
-1.7613
8.84933
-1.49876
6.18541
1.47918
9.2095
7.5178
6.65457
5.44698
2.52837
7.55173
2.21738
1.0756
3.86495
8.61689
9.31587
0.351764
4.74458
2.24004
4.79169
6.77542
2.07825
4.88916
1.45207
4.90156
8.31333
3.25051
9.17574
2.19726
2.47362
-1.99287
4.027
0.483428
5.91119
6.62442
6.48997
-1.89457
0.0710622
2.41284
1.40315
9.901
3.51616
4.4838
8.83343
-0.846841
0.740437
6.18346
0.367443
0.822992
7.95697
0.681131
6.53953
-1.94046
5.14841
4.55727
-1.76697
7.31853
5.79964
-0.103856
1.09838
8.4039
2.31108
-0.197128
2.4513
0.249208
8.82889
4.53611
1.94952
6.77201
-0.747884
9.98118
3.42579
-1.5354
5.93351
3.85309
1.0019
4.45652
0.567916
8.64399
9.99194
4.88242
0.593445
3.32144
7.92727
4.85307
9.89875
2.0297
7.42983
9.41398
9.42923
-1.89734
0.404043
0.240755
6.23151
5.52265
6.95999
-1.72376
9.35804
5.69709
1.66938
4.68905
4.65098
3.45271
8.01041
7.0278
9.78086
2.99338
-1.03572
8.16327
4.32218
-1.15777
4.53015
0.891146
9.79547
5.87005
0.0906859
2.79849
9.55674
2.36358
8.62436
4.79886
0.42016
-1.31778
7.01443
6.42298
-1.42122
-0.577876
1.45167
-0.91817
7.45132
4.54474
9.18908
2.12995
5.70013
9.7285
-0.41674
4.21424
1.71485
1.68178
7.90074
-0.208986
4.66796
3.513
5.44357
5.29869
4.72963
-0.753745
-1.90026
9.04135
1.84409
6.97623
0.958564
3.11365
1.30992
5.70764
5.85994
0.589417
9.69961
7.08
5.0925
7.11883
8.4505
7.9813
-1.06848
4.69879
-1.25313
8.10238
1.92711
2.74429
3.49614
1.20507
5.89583
7.70108
7.1904
9.41463
3.25308
1.83642
7.71415
9.00013
-0.484009
0.293678
0.83514
8.63745
1.77006
1.12084
0.591264
2.39886
5.59783
-1.16864
-0.974067
2.71843
7.83848
5.24974
1.02787
8.38647
-0.931616
5.46634
8.26252
5.89034
-1.84686
0.84363
4.88689
5.9797
-1.11688
5.91887
1.14985
0.280121
8.62229
6.9058
8.84244
5.10445
-0.517712
2.93588
1.03987
8.68992
2.39431
-0.958164
-0.323299
6.40669
0.750538
3.6132
5.81184
-1.1344
2.30848
8.03853
6.46996
4.45458
-1.2082
3.2578
9.85072
1.54931
0.793009
1.0009
2.66404
1.10355
6.17792
5.8488
2.81845
9.57866
5.5077
8.17322
1.55047
6.91736
-0.381546
3.74414
3.54555
4.94075
9.06518
-1.45059
-1.05037
4.67392
6.84413
9.03439
-0.225325
7.7975
4.39181
-0.480964
4.26284
-1.97434
-0.391667
6.95603
-0.444281
0.503142
6.60348
1.91653
3.78172
1.87503
-0.792165
2.79846
-0.930947
6.78764
2.35296
5.52166
2.8897
5.18757
2.91463
-0.838941
2.60527
1.36523
7.34929
8.94976
2.40905
4.59144
0.241428
6.30824
0.311024
3.38933
9.47193
5.53496
1.72596
2.4665
7.81792
2.67128
3.47945
7.38875
5.34804
9.75402
3.85067
-0.767303
2.35691
3.86827
3.41202
1.20279
5.9596
7.64638
5.12518
5.52991
6.69895
7.04435
2.2606
8.61727
3.13093
1.71966
8.75814
1.57235
5.21107
-0.726594
8.53806
0.512001
8.59176
-1.17226
2.11509
3.74096
-1.68396
9.49266
3.75634
-1.62589
6.83095
-0.917947
4.91572
6.71207
6.55528
3.66571
9.76445
5.75231
2.04738
-1.01556
4.30856
5.62511
1.57918
5.62057
9.29594
1.08018
5.77062
4.28966
6.06361
5.36319
7.5529
0.238028
0.952106
3.20276
3.70054
5.66787
6.13208
4.42792
4.81548
1.54687
2.21566
-1.40375
0.765582
9.99058
-0.936119
8.77952
-1.70972
5.10407
5.60365
2.42671
6.7924
5.60241
7.11746
7.55178
1.24443
7.35778
5.4994
5.78995
9.43136
4.09069
5.66001
8.66209
5.6152
8.19587
9.67227
3.24878
1.59127
3.12299
6.76274
2.64245
6.90568
7.57159
9.31091
7.1863
4.95434
5.55834
7.89265
-1.01982
8.47089
6.92806
-1.08744
0.0379949
4.59784
8.21596
-1.90564
-0.783061
5.31253
1.02316
4.99645
2.63313
2.74548
0.534116
8.85962
9.29246
2.08792
-0.471909
2.86077
2.19662
8.21695
-1.70636
-1.9032
3.91532
0.995145
4.88078
2.381
-0.723251
-1.18705
-1.77949
2.42884
1.45239
6.37311
2.4443
6.11841
5.53345
1.61818
1.08645
6.80669
-1.45995
5.05933
0.265265
0.486081
1.58914
0.883884
8.44308
0.47732
3.79117
6.84508
-0.0119617
2.87565
7.88916
6.01971
1.79899
6.61613
2.92317
6.3205
0.834619
2.06096
8.77061
3.06505
2.44131
-0.974352
7.28335
0.772254
-1.80898
1.2021
0.0422121
-1.7729
-1.52816
6.28338
8.49968
-1.98224
7.41221
5.02874
4.12945
4.65933
5.25754
-1.69969
-1.70781
7.04351
1.37442
7.60209
3.26689
0.158883
9.04952
7.6498
-1.63107
1.8698
2.37896
-1.57659
8.56022
-0.19814
2.32863
9.55161
9.85976
3.9193
6.96132
7.0323
4.30185
8.59377
3.59079
2.18368
6.00826
7.21905
1.85524
-0.628174
0.477604
9.63305
1.32681
3.18347
-1.46973
2.0538
3.59407
7.51101
7.12005
-1.62787
8.61086
3.21926
5.07844
4.33597
8.72215
-0.618348
3.34509
-1.0302
3.68481
2.58879
4.6954
1.26248
9.19929
5.82911
0.186472
0.408698
2.94188
9.64878
9.62844
0.373471
5.67249
4.42321
2.44605
1.90878
-0.938384
0.681073
-0.63672
1.94606
-0.17909
1.08617
3.36979
7.96517
-1.69093
2.51393
5.03654
2.30796
2.60474
9.54019
7.55002
8.74993
4.74608
2.53895
3.11147
-1.3204
2.03623
4.71566
1.07387
-0.301531
-0.268419
-0.708153
-1.11969
1.24396
6.74115
3.38244
3.90967
8.45818
-1.102
5.1089
-1.17297
0.422789
0.338878
-0.760761
9.21715
8.06529
1.51122
7.50516
7.37083
1.28026
7.34161
8.9879
8.38074
4.22947
9.35687
5.16958
6.65364
6.85531
2.23126
5.08008
4.94075
7.14862
3.7326
8.84213
-0.0499007
9.0613
3.48741
4.77593
-1.57929
3.28296
9.47105
-1.68032
0.989833
-1.95922
1.02683
0.00805195
3.81298
6.06119
3.26053
1.20093
-0.472662
0.736424
1.84665
2.90246
3.33175
0.4421
3.12401
7.47066
6.65246
-0.620177
1.58513
4.05502
-1.12924
9.26531
7.2457
-1.85485
-0.706821
4.46512
4.04883
-1.43849
0.608116
-1.50931
2.67441
-0.391424
1.39151
4.89674
-0.0888839
2.60046
6.22782
2.04142
8.73749
8.65617
0.949854
0.0797267
2.9609
-0.315112
9.3439
-1.31943
7.96747
3.51082
1.90719
5.58758
7.27783
-1.61093
0.980429
1.36692
8.88465
-0.565784
1.10221
4.38538
1.08138
7.95454
-0.484737
1.80335
7.14808
-1.87133
-1.95542
4.06866
5.17711
7.16475
7.20043
9.42861
-0.949179
2.39102
1.87925
8.94222
-0.211885
0.500697
0.793119
3.74033
0.264565
0.236693
5.42798
-1.96405
2.7973
-1.75147
-0.400229
-0.424487
9.8424
-0.194855
-1.37656
8.33753
7.98765
8.50509
7.11129
8.78188
4.5346
9.80777
8.31448
5.5573
2.70569
3.90382
7.67573
7.4839
3.06429
7.74364
2.89197
1.92222
4.77024
8.84946
6.50113
4.11445
8.21472
0.329191
6.45328
3.48399
-1.35619
2.57622
3.3874
1.00469
2.58848
2.77082
3.11166
8.17764
8.80058
7.20646
7.63287
0.562936
3.48397
8.72764
7.27534
9.4711
4.84204
9.6396
4.74593
-1.86952
7.77602
0.431917
4.38219
3.12066
0.864124
0.200248
1.22324
1.90234
6.33532
8.73205
7.35854
0.634941
8.91339
4.29599
9.11695
-0.884981
-1.86673
7.61318
4.47178
-1.46928
9.34133
7.23122
8.67154
3.25288
9.47714
1.52173
8.71851
7.09293
1.77843
3.26886
5.63765
7.24993
7.71407
5.90917
1.6121
8.86633
1.78586
9.36279
-0.897743
9.61698
-0.255953
4.80587
7.66294
4.47124
9.59189
-0.460165
7.68033
8.82922
4.95887
5.21225
4.0231
-1.44994
2.28937
8.81356
-1.36631
3.92755
5.20699
-1.63162
9.33488
2.48976
7.69244
2.59789
4.51945
9.16857
0.535538
1.33092
-0.459934
9.48396
6.25529
4.9697
5.62944
2.27192
3.70563
-1.38752
4.84784
7.40187
8.39653
1.11559
8.82744
1.43441
9.29743
7.79528
9.52959
2.34723
1.59929
2.83816
8.04407
8.79171
2.513
7.64357
-1.29325
5.19311
-1.69643
0.619177
4.91598
8.81047
4.62665
-0.32044
2.92659
7.28607
1.55202
1.88854
0.415671
1.7967
1.58742
4.41863
8.37925
-1.12399
5.16246
9.015
5.73817
-1.70146
2.12791
5.18278
-0.766868
0.617366
3.7055
-1.37802
0.942491
-1.31701
5.02568
2.00821
4.13431
-0.723177
8.86744
-1.69921
1.88895
4.35968
-0.561955
5.44424
9.96682
3.35273
8.00539
3.15105
-0.574314
4.59631
3.62156
7.13292
3.55957
5.9274
0.776061
3.56667
0.621694
-0.719889
3.69115
7.77471
9.73798
3.06919
6.64145
2.11344
9.02564
4.14758
5.14058
6.97995
9.66196
9.57355
-1.28444
0.307876
9.77756
8.14438
6.44022
9.89715
7.53507
5.22942
8.87296
-1.34963
4.02026
3.38636
8.79244
1.70311
3.40051
5.97984
-1.2131
3.62191
4.46823
9.86475
5.86977
-0.00444216
5.74624
9.05088
7.71148
6.73333
-1.55545
9.7686
8.43546
1.217
0.305913
6.30673
-1.54279
8.57617
1.52129
7.08342
8.1679
-0.41814
0.529045
8.22352
0.259353
0.266903
2.97417
1.75131
-1.59108
-1.79813
7.27426
2.50816
9.78833
4.79573
0.249488
9.08695
4.45702
-0.701665
-1.99567
3.06522
8.42491
-1.10541
9.11116
9.78194
-0.554893
3.86508
7.37797
-1.05077
2.51891
6.22112
6.62603
6.87874
4.05795
7.30317
-1.43331
7.40163
7.31328
1.31543
1.30579
0.308803
6.07624
5.7871
8.28428
1.13431
3.01626
5.65994
9.65059
7.87902
-0.597137
0.706955
9.41289
4.76724
3.7343
2.70408
0.168233
9.19055
3.12397
6.59569
3.70477
0.755208
0.658972
5.49605
0.374523
1.16001
0.668997
2.19393
9.2157
6.07849
-1.62635
-0.179128
-0.928971
3.85745
3.63103
5.88258
7.33442
9.43639
-1.50042
6.20456
7.97217
6.37159
9.65625
6.71222
-0.458585
1.79853
3.19203
6.97979
2.67546
9.44255
1.4129
1.7393
-1.41836
5.95683
3.0191
1.79582
9.83349
8.97262
4.34064
0.871249
9.04987
6.56316
8.22854
9.0252
2.12304
1.33696
8.86353
-1.99348
1.45781
8.55406
3.25378
-1.38312
0.0701482
1.13582
6.55215
7.24901
2.11551
0.334515
0.407434
4.83858
1.13866
9.09663
2.35606
-0.962632
-0.973292
9.49738
-0.351466
4.93676
9.0394
2.2721
-1.94698
8.79393
3.98721
6.68839
5.10886
4.43941
0.5706
8.42669
-0.530744
3.88695
3.1269
-1.11027
5.19127
-1.26491
4.64231
6.86998
8.65485
7.15116
4.79
1.2722
1.1626
-0.811961
6.87683
6.05817
3.89251
6.34928
6.4619
-0.724057
1.74899
1.78704
8.63056
9.78585
7.59848
4.97633
5.56584
9.34093
0.457005
9.65866
2.65592
8.04021
8.92442
0.0197258
3.19222
-0.00664524
7.84752
4.53772
8.76458
4.18377
6.40444
8.14377
4.0365
8.34145
9.16233
-1.59014
0.616146
-0.331003
7.23677
1.52037
4.49065
4.35851
5.16884
0.00905208
0.326919
9.14602
9.84104
8.65894
4.32243
6.08696
1.6885
9.43931
6.91682
-1.52414
-0.522155
-0.106837
-1.76714
4.16009
8.29221
3.92506
2.76192
0.291772
-0.5801
2.54284
7.30749
-1.10436
7.17418
-0.681732
2.80625
7.47878
3.75482
4.72082
2.98121
4.04104
2.03979
2.38848
0.305246
1.35103
-1.81207
5.94794
8.98714
9.30301
9.2409
6.09256
0.000788133
6.43856
9.1197
7.73581
6.45987
8.92584
3.6182
2.48124
8.01529
9.69514
-0.505331
0.0778664
4.03406
5.16258
4.90289
2.41476
9.2165
1.38378
3.84895
9.4712
9.37845
2.28943
-0.156147
8.41725
8.75388
1.67
3.86047
2.4315
7.95692
-1.01319
1.75447
8.52791
8.66683
8.74002
-0.985857
5.30823
8.40301
0.560423
5.37598
5.92068
0.754485
0.359027
7.23462
4.69242
-0.640983
1.6214
0.0265481
7.58221
5.97214
8.60614
3.61646
7.67062
7.68814
2.94052
0.74571
7.8779
1.66649
3.93977
4.12007
-0.563673
8.86951
8.15555
1.37554
-1.87939
1.2926
0.483268
7.50165
5.29443
8.61703
8.4281
2.77258
3.01474
6.95462
-0.568769
4.02932
0.177204
7.89405
8.58011
1.27037
-1.23355
1.34465
7.53239
2.62158
5.03413
5.78911
2.81359
2.67612
-0.243357
9.74535
3.07863
-1.55395
-0.721155
0.976217
-0.610245
9.3427
-1.66593
-0.128605
2.8032
0.883182
-0.342437
9.1113
8.77206
2.59341
0.550823
1.79768
8.35571
1.58627
4.21155
8.57486
7.65357
2.12647
5.17067
3.52769
-1.80013
-1.89198
8.52364
6.45128
8.69492
2.01097
9.82554
2.5045
6.83091
8.73346
1.15103
-1.63312
7.14507
3.91923
0.289047
4.55487
-1.84652
-1.49013
3.93941
2.49141
0.47857
4.42447
5.55549
2.18235
-1.73985
-0.452664
9.31683
8.22483
5.40669
7.59794
1.48222
-1.48609
5.71045
5.16998
3.93219
1.50243
5.88244
9.24531
3.31775
7.23794
3.91097
5.20199
7.83266
2.98822
-1.72919
9.54668
3.72426
9.43216
3.54699
8.47526
9.697
8.14622
0.480882
-0.0605714
3.64325
2.89465
-1.86843
-0.295017
-0.350707
8.38443
4.8628
9.67274
5.95754
-1.08123
5.16226
8.07875
0.744745
-1.4128
0.8136
4.7701
-1.1226
0.64498
-0.446184
7.00047
2.31019
6.30329
1.08811
9.46239
1.06498
6.11954
-0.741381
8.85302
8.67107
2.46319
6.47146
9.03167
4.73407
3.01441
9.5427
8.94379
4.45329
1.60253
0.818339
0.142759
3.25799
-1.16715
9.14891
-1.35369
9.81608
0.247608
7.15977
6.6954
-0.859694
4.00746
8.87949
4.46474
4.36997
-0.498346
7.20398
9.07651
5.23024
5.50158
-0.400905
3.75674
2.63641
-0.305435
-1.70034
1.80106
4.80687
6.16712
-0.465814
2.28065
9.90789
2.0795
6.314
7.44471
0.144095
8.56788
9.51662
8.30873
7.42795
2.20572
3.78305
6.61736
5.11429
0.545217
-1.29171
9.10795
7.23525
-0.954089
3.29488
6.71893
8.81192
-0.678092
6.91434
9.64169
-1.47916
9.93343
-1.28858
3.64135
1.14849
-0.710376
8.67307
7.04814
6.64132
5.80576
1.4103
4.00927
1.67595
6.72087
5.46737
0.187188
5.12953
3.65435
-1.5074
6.88155
2.98359
4.77739
9.33309
6.50397
5.24636
2.14101
6.32268
5.80886
-1.99704
-0.432141
1.33645
0.541006
-0.426032
8.46261
4.08379
4.74263
4.54124
-0.415881
2.01804
4.78251
7.12051
6.5986
1.85288
1.42952
2.4538
1.69138
6.64343
6.97624
0.337536
9.21512
3.42978
-0.758915
5.8969
2.53938
3.46659
5.23237
4.8469
9.40595
6.94781
6.10698
7.93976
9.06107
8.22713
-0.928415
9.03109
5.95386
-1.41436
4.01764
2.36842
7.00126
0.881029
8.63488
1.54037
8.07503
4.9933
2.77317
9.85743
7.01237
3.24884
-0.883494
2.51708
4.62663
2.08492
6.34936
-0.077551
8.01648
5.43759
6.23095
-0.752861
0.163638
-0.319519
2.85209
0.592582
8.06786
3.10001
0.610513
9.43007
2.9184
7.75928
7.29592
8.89601
6.78663
3.65298
2.02487
0.615764
-1.66159
7.46117
4.90245
4.36566
2.35912
8.60045
0.798097
0.0817104
3.68785
2.68692
7.67711
8.39273
7.82122
5.08421
8.52239
3.8429
3.03646
-1.64134
3.17755
-1.31209
-1.20767
-0.827204
7.35368
-1.65849
3.53216
-1.71011
0.755059
6.53772
9.8086
4.12084
5.64772
7.90225
6.42951
0.244668
1.9369
1.62408
9.87752
5.21264
6.21893
2.76921
-0.0437311
-0.00515466
7.06225
6.91908
-1.13197
2.57333
3.74505
3.95733
7.34821
-1.33181
8.89376
8.66974
6.67678
6.70862
4.67643
7.90949
-0.504573
7.5035
8.3087
1.33802
2.01977
-0.493208
0.761263
4.14392
3.3768
8.60355
0.740108
-0.322038
7.91787
1.42957
8.06503
3.29143
2.15764
5.52273
4.50545
5.71045
6.7556
6.00165
7.04058
8.2303
-1.29788
0.888279
8.76582
2.69208
4.33914
9.43686
-0.822731
7.95778
4.64465
6.4922
1.46547
0.356603
9.43074
1.51897
2.22562
-1.43703
4.9999
5.5351
6.80387
5.81166
9.52941
6.9005
-1.55068
5.24781
3.54256
8.14784
7.98814
0.906032
9.23476
1.10228
6.28561
0.320339
0.838189
-1.09101
7.63866
2.73598
-0.434454
-0.892377
9.34783
5.07236
7.0996
1.91783
5.77083
2.10813
8.03932
2.4653
1.49563
7.6308
5.56366
0.41906
2.12393
-0.612878
-1.53469
5.8646
4.79198
8.48903
6.76515
-0.324615
-1.64707
7.38163
4.92255
-1.6335
5.87807
3.2849
5.90505
8.18507
3.01156
0.933556
8.70092
5.67226
7.13185
1.16743
7.15238
0.537117
7.50259
7.02409
7.97197
1.04265
8.28287
7.88916
2.02153
9.30764
6.30766
0.848735
5.42578
-0.725483
5.34561
5.69436
-1.39832
9.34717
7.69324
4.87428
-1.31382
1.17679
4.52425
6.276
1.78142
0.117766
7.34092
8.80209
-0.639151
3.61546
7.46629
9.79826
1.45431
3.5582
3.51169
2.12102
-0.427889
0.0451598
4.20574
6.23927
8.21926
-0.905275
3.07913
-1.16168
-0.62502
3.03012
8.07411
9.16282
6.18038
2.81739
8.09259
2.77238
4.24179
6.82803
0.437933
8.63632
0.254429
3.35719
7.74173
5.50563
5.89505
0.107836
0.552999
9.70401
8.90165
3.1744
7.80446
7.60393
6.76744
1.98082
9.72837
1.5169
5.64073
5.42859
4.85804
7.29902
6.34127
9.2637
3.15391
-0.137507
7.94683
7.54297
5.27453
1.4603
2.69205
7.64046
-1.12073
6.35433
9.33284
-1.65188
1.0383
6.40192
-1.35583
9.603
-1.50781
7.47801
7.56077
0.224999
4.92413
4.08513
9.34225
3.61915
0.0215906
5.93914
-0.891726
7.10377
2.65118
5.04255
4.38869
8.85161
5.54838
2.73915
3.57867
1.32471
5.50468
-1.04668
2.53557
5.91971
0.43272
2.69074
-1.14379
9.86439
9.40766
8.16489
1.36918
-0.72787
5.51786
5.94577
-1.76457
-1.64455
2.26237
2.96435
1.90225
8.36249
3.84406
-1.58449
6.29834
1.22647
1.10182
2.68594
3.98324
-0.858348
-0.102097
-0.136174
-1.87876
6.67392
9.73316
6.61603
4.3752
-1.85986
4.15341
8.75868
-1.70846
7.52132
2.32237
3.18606
5.61363
8.01263
-1.34228
3.17748
-0.211598
2.30861
-1.80262
2.25218
4.77492
5.29948
7.33696
-1.83968
-1.3227
3.40602
3.1152
5.19405
9.06323
2.79497
7.11401
-0.117176
4.95758
3.69893
3.35497
6.84772
8.76319
2.11454
9.04274
5.56
6.04365
3.8727
2.6018
5.85201
2.93197
-6.64135e-005
3.58273
-0.317574
5.48839
-0.587703
6.37464
0.273884
2.35824
6.37614
6.79533
9.67246
6.09905
1.89649
9.50012
8.1931
4.59702
6.9096
-1.37548
1.94136
2.98182
6.88768
9.59528
5.14815
1.36458
6.20317
3.73712
4.63804
-1.08727
-1.8097
-1.65818
5.52032
7.58198
4.01063
7.32144
9.64608
7.88874
-0.000873054
5.49312
7.44176
9.23988
0.717013
7.48971
-1.80785
6.45654
6.72211
3.566
9.2032
-1.03088
1.01742
5.4798
8.00255
2.11344
-1.78325
2.32844
-0.124523
3.19667
7.93527
0.175545
2.80012
9.06723
6.83156
5.40774
2.29644
1.9508
0.655275
0.755069
5.81986
-0.312298
7.07337
-1.0361
9.11555
9.18092
9.08507
4.01357
0.373782
1.3337
1.98344
0.390451
5.50879
-0.648538
9.08176
1.12991
6.77589
2.63383
7.36987
8.54013
6.72731
2.88949
-1.29165
6.95653
0.861637
7.15401
3.29003
1.76581
3.44284
3.74375
1.0672
-1.91456
8.41261
5.1008
-0.393127
5.30521
0.175515
4.27161
9.89515
5.30163
7.8452
0.0769635
2.55327
3.84677
-1.8506
6.14856
-1.54386
6.96547
0.00844104
6.12586
-1.45717
-0.371567
5.46157
0.70708
2.1169
-0.220166
2.36741
-1.77458
2.71609
6.79357
1.23831
-0.872772
9.97808
-0.71312
-1.07778
0.176936
5.38597
9.59005
9.80301
7.8266
7.18174
1.66642
2.76498
1.51705
1.92528
5.98288
1.82976
8.73263
-0.402076
0.847
-0.741057
0.391028
3.44651
6.8818
8.53323
-1.88117
-0.0327855
2.0214
4.367
-0.734905
9.37192
3.13799
2.98336
5.06589
7.11754
6.65214
5.17201
8.8018
4.29753
4.89271
4.23545
-1.36621
6.12508
4.59626
6.69675
6.08132
7.85094
3.52822
2.53394
2.55335
-1.21399
6.71698
-1.55885
-1.40039
3.25144
1.163
-0.863612
-0.468157
5.04823
-0.0259712
8.66898
7.92998
4.46739
9.98146
5.11665
7.60637
5.74435
7.2841
1.3135
7.97655
8.42014
9.264
2.66593
7.59143
2.19818
4.84493
-1.18337
2.24655
9.88353
9.51013
6.45385
7.96253
-1.60914
5.20719
-1.14336
9.31849
6.93076
5.55145
1.93336
-1.49023
-0.602044
-1.16845
2.49723
8.92218
0.0957512
1.14666
2.94548
6.44043
8.35434
-0.0555947
4.30363
5.53657
3.69276
-0.026554
-1.73695
-0.650292
-1.78809
8.67516
4.9206
2.663
3.65865
-0.480815
8.73489
4.50238
0.08994
8.36526
8.00819
-0.295036
-1.92584
3.85094
1.28268
-1.68291
6.29846
8.46553
9.32473
5.86497
6.08718
3.19444
7.19914
7.29173
4.97916
5.36683
9.27876
6.03922
6.24833
3.98193
2.88412
0.0641941
9.07167
7.81034
7.0753
0.717268
6.95661
2.34675
6.94833
1.64555
9.60513
7.33317
9.65063
7.69762
0.967269
7.38964
-0.543997
7.49067
3.30909
2.42435
7.53182
-0.884786
-0.0269446
9.14129
5.04893
8.57891
0.631246
2.01417
3.88452
9.81002
8.8136
-1.10478
-0.508253
4.27659
6.65127
8.65363
8.63235
9.31932
-1.97893
3.02961
9.77398
4.27721
4.28548
6.47586
1.18208
-1.94352
8.70276
3.80541
6.38284
1.3097
2.50155
5.27317
3.41706
4.37686
3.22396
5.64623
9.43065
9.2192
9.60577
8.30876
1.47958
-1.69945
8.24249
6.79587
9.63659
9.70955
0.0225239
7.03009
8.02958
9.74622
5.44059
0.267337
8.11396
9.06763
3.69285
0.621127
0.168974
6.51505
5.68031
0.786663
9.29114
9.94349
4.45912
-0.172436
6.99292
-1.14274
2.8501
9.52423
0.300255
-1.44446
8.75026
5.7187
2.0439
9.68365
-1.13437
-1.27283
3.46499
3.74894
5.41996
-1.58492
6.23333
7.8249
-0.39805
2.08625
1.74632
6.80671
4.45188
5.34654
-0.951686
6.1154
-0.808205
6.57008
6.2214
7.05715
7.68835
4.01656
1.54675
1.26563
9.52999
-0.727901
7.95394
2.94462
4.36351
8.67422
1.53667
3.08731
0.388606
2.69031
3.06431
1.07527
0.876798
-1.91633
2.21835
-0.821923
8.04017
0.368459
8.29067
7.67857
9.08654
9.54553
3.98285
-0.827305
-0.313143
5.14889
4.61646
5.59274
1.55259
4.06146
-0.0167363
2.59153
3.9784
9.08194
7.52571
7.06853
7.35686
6.76502
-1.3357
9.65042
-0.904066
3.73848
3.63071
8.36878
1.61458
7.80961
2.49213
7.82332
0.538664
3.59625
7.85087
7.64208
6.33052
6.6947
-0.984448
6.62383
3.05769
1.7216
7.61519
-0.604399
3.96114
4.88497
5.44778
5.28308
0.788443
6.79644
3.81275
0.778522
4.00924
8.71103
6.06949
-1.74962
6.18486
-0.665937
4.19706
4.58176
6.94896
7.43401
8.2687
6.45936
1.90136
5.60893
9.15511
6.41004
5.24472
6.81478
4.27575
9.34348
1.19105
7.85643
5.62422
9.61428
4.71064
-0.978098
2.94775
7.15809
5.67121
1.29101
6.62736
7.73487
6.72551
0.559054
-0.00468331
9.09652
9.22682
6.56008
0.0986428
3.99059
-1.80806
6.05752
0.445827
-0.0327938
9.73817
9.73448
0.529252
0.422401
3.08813
-0.852724
3.42477
6.58542
9.78457
0.302634
2.29262
6.79879
1.74241
1.27726
-1.25764
4.3556
9.07203
2.94912
3.43255
3.00818
3.79273
0.0702359
7.35215
5.9888
-0.389284
-1.64035
5.35191
4.51581
-1.14688
-1.59173
7.39644
2.83083
3.19824
3.57551
9.46656
8.12528
5.12312
6.85035
6.84904
-0.698221
-0.926071
7.00412
9.55375
8.01901
2.55532
6.30091
-0.498317
6.75562
4.55077
1.7687
5.48511
5.68793
1.86924
2.87584
8.86371
3.10427
1.32716
1.60802
-0.216085
6.68031
1.59751
4.65836
7.15507
6.12509
6.54062
8.06871
6.04761
3.26013
7.9614
0.967717
4.65225
-1.95881
-1.89081
-1.29459
1.68778
5.18415
7.74927
8.99434
1.93436
8.04683
-1.21504
0.420579
0.376216
5.58663
4.16125
4.41944
4.0458
3.15881
4.68263
4.9915
3.38747
1.27341
9.15179
3.97435
4.65665
3.38525
1.11748
6.57036
8.77498
9.13746
1.10647
5.8961
0.0465768
5.30999
7.91411
6.95381
4.64508
1.22015
-1.64374
6.6204
6.80563
4.11143
9.70183
-0.0989713
8.66998
-1.35124
8.01155
8.28872
-0.536489
2.71604
8.27555
-0.397798
-0.444677
3.40775
-1.13487
6.64199
9.05878
-0.652372
2.39834
2.78289
-1.70671
8.43489
-0.12354
-0.383311
5.81866
-0.778374
-0.790199
4.11357
2.40444
2.25878
6.63079
6.20622
9.82874
3.09925
7.34311
-0.987763
4.5776
7.3482
6.21191
1.37254
7.32411
6.716
7.77293
9.15572
9.77836
2.97136
0.845533
6.97663
7.09406
-0.307086
-0.0652208
4.42369
0.807624
5.94657
3.93993
4.7312
9.72429
7.27733
9.43178
7.61199
5.34168
7.66565
5.7857
0.501544
-0.575758
6.67633
3.12664
4.87442
-1.69508
8.73866
9.41526
8.98555
-0.126238
2.93155
-0.681054
3.29265
3.18584
7.63767
1.69422
3.78727
6.43123
-0.210598
0.927317
6.0178
-1.79977
-0.385432
8.20888
9.3119
1.00011
3.9711
-0.500544
4.14124
8.94129
1.65707
2.73848
6.80035
8.95781
0.619493
-0.0362432
-1.01279
3.01604
-1.36371
3.97622
-0.666875
8.84022
7.56485
5.78754
6.60832
0.112806
0.460139
9.15483
9.23145
4.2504
0.258357
2.73743
2.10221
-1.51259
2.35321
2.26023
8.90516
-1.01003
-0.617883
-1.1181
0.162
-1.10241
4.52688
2.74842
2.34404
-1.248
3.7518
4.20504
1.04985
6.94095
7.25569
4.94746
8.3895
-0.807821
3.0141
2.00106
-0.848951
0.651604
3.68964
1.52062
8.02982
9.68171
-1.83895
3.75434
3.91596
2.94545
2.90072
6.40878
8.86432
8.67671
7.51678
3.61536
6.69145
9.6098
1.82113
0.57941
9.68524
-0.233664
8.3467
4.39256
3.67445
0.18708
8.70694
7.76563
-1.0962
-1.61583
1.38031
0.570552
9.57521
5.5808
0.303996
1.57286
5.90102
-0.964225
-1.77212
3.11025
0.771718
2.44402
5.57783
2.97639
1.28369
7.5868
0.0793906
3.71914
8.58296
1.06087
1.1683
4.96882
1.12985
2.14986
4.76075
3.23854
3.29821
2.81465
0.627142
0.0405189
5.28891
2.8285
6.55361
6.45908
5.00276
7.74575
-1.85735
2.53127
4.67672
6.58952
7.86191
9.63929
-0.983567
4.41713
8.58937
5.2023
3.32082
-0.340252
5.60541
-1.86457
5.12827
2.14823
8.8236
5.31313
2.71952
5.96723
5.91644
5.87344
-0.198049
5.70969
8.6067
2.5979
7.05917
9.873
-0.226319
8.56788
0.692921
-0.542317
9.38768
4.11697
-0.821446
1.55601
4.00644
3.90351
2.8523
9.81024
0.185157
1.85566
0.948773
-1.21268
8.67032
6.08813
3.05597
1.84846
3.38245
5.87426
5.87024
-1.60204
1.38017
9.18773
-1.95304
9.78334
9.67871
0.0881656
-1.69497
6.88668
3.18105
7.78889
5.2682
0.911285
4.57445
8.11431
6.23242
8.61434
5.39541
0.984974
6.04972
4.32367
4.64621
1.2394
-0.242223
6.77399
-0.255036
0.458246
4.35699
6.01807
8.28489
8.64858
-0.92718
0.191863
7.35955
7.00075
4.16146
6.80871
2.30021
4.86585
7.05772
7.8302
8.00988
8.97479
2.46121
7.90022
0.381426
8.79378
9.40028
9.45603
9.49288
9.2175
9.04006
1.00527
1.32785
3.60344
1.37818
4.46765
1.5636
2.02509
7.10763
3.82158
6.96914
-0.607482
7.64556
1.43659
9.69834
7.95357
0.2802
-0.421494
8.01211
9.47682
6.82006
8.31918
1.92314
8.84422
-0.00909738
8.95985
4.94177
6.02165
8.1181
1.72586
9.81052
3.40059
1.43064
-0.494431
5.41876
-0.177802
2.0854
0.381812
6.72155
4.017
5.03733
7.37121
7.04185
7.5883
4.53437
-1.6111
6.75515
2.45798
-0.670292
-1.55744
1.62294
-0.7519
9.44676
2.01833
3.69664
4.01197
6.13639
6.71931
2.011
5.80131
3.93117
-0.277033
3.45906
4.17898
6.7746
3.21264
1.91227
4.99679
1.54396
1.10007
0.247803
3.99594
3.96508
8.49244
5.81456
5.09191
4.26422
2.86405
-1.29469
-0.512275
6.28987
3.97919
7.64013
0.332229
6.31225
6.9307
5.48864
1.82393
0.658251
0.76511
1.642
6.54935
8.98484
2.62005
-1.4844
9.49582
6.72359
8.74389
1.00389
9.07219
6.31386
6.90979
-1.47753
1.60252
-0.965612
2.13444
4.69295
7.39612
-1.60314
-1.59683
8.61622
0.494196
4.88371
9.15915
0.357364
0.313384
4.07007
3.65492
1.93285
1.29634
1.95579
6.17909
0.331884
0.738493
5.08689
1.01102
9.91241
5.63009
3.21933
1.4635
7.16541
0.876518
7.3238
6.16823
6.21675
6.6873
-0.983392
0.355202
7.85032
0.763235
2.17074
2.31077
6.29737
-0.75714
4.69773
9.32691
4.01334
7.67131
4.3848
0.115131
3.11381
-1.70322
7.83683
7.03768
8.4991
7.46335
0.997001
2.83039
3.2073
6.85119
0.15864
2.273
-0.45861
8.62478
9.06583
4.77788
4.59205
4.55412
4.1657
2.46613
1.10943
2.78875
4.36692
5.7536
-0.984824
-1.57599
5.82306
0.796538
-0.758328
6.18865
0.360368
-1.66215
7.40819
7.10054
1.58862
2.99634
3.49709
9.66884
6.39629
5.63861
3.05436
-1.77513
6.14973
9.33192
1.26547
6.62839
9.83476
4.36024
0.236689
7.92221
7.65013
0.084688
6.54579
8.4157
3.37085
2.44727
6.78778
-0.654748
6.17679
3.14206
6.87394
9.99422
0.397758
-1.80288
0.224948
4.35986
9.84467
7.7533
4.20685
3.86112
4.22898
1.12826
-0.0615374
9.19287
1.43336
1.46887
8.7821
7.44554
-1.76668
1.29263
9.57393
-1.55716
1.47891
8.76536
9.66719
9.29622
3.60342
1.79077
4.40728
0.650018
0.971735
0.811668
-0.396203
9.8574
0.675697
5.01285
8.22969
7.46349
0.949193
2.64461
0.109352
4.54445
2.81795
6.96204
0.908476
-1.39094
-0.202635
7.9908
2.85999
1.60987
7.34118
1.12484
1.93531
7.13956
5.69718
-1.56154
1.87111
5.65057
2.53378
0.219317
2.12599
4.53633
4.87562
4.22764
0.88051
5.64437
0.608573
7.43249
6.53231
-0.575402
0.842925
4.79791
1.18219
9.43644
4.24556
4.60219
6.27935
2.25176
4.26193
6.88808
-1.43325
6.10534
7.36317
4.70567
9.92618
4.82109
7.5351
0.986254
6.80475
2.79067
0.23374
-1.64241
7.81505
0.735561
4.26178
3.32969
-1.35523
0.256373
9.11886
8.0942
4.74677
0.263781
7.59829
-1.06035
4.09161
7.23724
2.68434
3.34482
8.11816
2.42234
1.34355
0.340795
5.56885
1.86286
4.91068
1.58353
9.89891
-0.0672674
3.61876
0.666078
1.11159
3.94835
6.24226
0.810218
1.21562
8.31254
3.61319
7.44082
4.03622
-1.45311
1.27951
8.85672
1.82679
8.94657
6.28069
9.62052
5.07512
9.27349
-0.77084
-0.561602
1.82254
6.61611
5.9622
1.16686
4.55968
2.03078
5.4874
0.42436
1.71576
7.93966
-0.534944
-1.30735
8.83985
0.571317
3.76385
9.06841
3.60258
6.97214
7.54885
6.27806
8.35838
4.73892
5.28257
7.87379
0.532799
2.73758
7.77043
2.15501
0.453138
9.10171
8.11282
0.591386
2.77375
3.37174
0.586667
2.09688
8.04554
7.90494
1.17787
3.88747
8.22471
4.06214
2.64307
1.18548
2.34613
6.40769
5.78543
4.87281
7.91327
1.28295
2.86636
-1.11716
-0.933483
7.89102
3.28471
9.58549
2.07651
6.04711
3.55248
0.905064
-0.97213
6.18964
5.04158
-0.695007
5.9649
1.67208
3.652
4.775
3.35902
6.42727
0.503853
-1.19989
0.95284
5.91274
4.87885
0.678575
3.05188
6.67249
5.07364
6.44963
9.71912
8.75512
1.71299
2.24844
8.23738
0.72917
-1.59282
1.30924
9.75665
1.36138
5.12758
4.64992
6.3467
4.12997
0.999552
0.225193
7.38747
-0.983213
3.24125
0.74165
-0.484514
4.67093
4.47247
0.406566
-0.831901
-1.12415
2.95053
-0.372512
5.14194
3.02789
4.989
0.998392
3.82303
3.14561
5.95935
-1.59365
4.97868
7.99008
9.45202
8.35259
-1.05841
1.04222
8.26374
5.09375
-1.33639
4.20882
1.24163
2.21428
-1.47515
5.89705
3.84018
5.80437
6.63767
1.56039
2.9448
-0.991418
6.52191
0.311956
8.28772
1.46078
1.78412
7.32422
2.01359
4.12708
-0.314751
6.42198
9.39974
7.34125
-1.4594
-0.418033
4.62758
5.88359
5.85377
1.52942
-0.161412
8.21919
3.81698
3.24917
-0.348738
7.03227
9.6953
5.24669
-1.07315
3.90157
4.62133
4.89555
2.19864
-0.0738315
8.48397
3.86387
6.54304
5.76312
7.47361
0.0176492
-0.236238
3.96601
2.0068
4.69191
8.33778
7.11351
9.8923
5.26691
6.89833
5.28395
0.366083
9.85236
2.04968
8.48206
7.8594
6.12054
2.53737
6.65946
-1.93374
4.12917
2.92764
4.51962
3.23092
8.57583
2.0429
3.95151
7.04116
7.30314
3.78709
3.16585
0.0395478
0.022061
1.03302
6.30068
9.92963
-1.6505
6.50024
-1.09756
8.49771
3.41146
-1.82778
0.463497
4.12769
1.50119
7.16025
6.82575
4.15632
-1.19944
0.719788
0.132155
-1.44841
-1.19679
8.095
7.71536
9.98535
-1.95431
2.97339
4.58003
0.217096
3.27822
0.398246
3.11216
6.00451
1.62623
-0.586062
2.44149
7.98684
2.84647
3.34171
-0.53808
7.72249
-0.55087
2.76547
4.60478
6.59537
1.98396
9.06919
3.73882
3.33309
2.0056
6.37649
7.81598
-0.227319
-1.93631
5.62997
6.76893
-0.980378
9.71781
1.69377
-0.929827
9.0746
-0.64128
3.88575
3.79089
1.57077
-1.71637
1.09327
9.37695
1.92441
2.87779
6.83744
0.432948
-1.25491
-0.652204
-0.25607
4.21457
5.89917
9.40589
0.616578
6.39694
4.12757
7.78417
1.86554
6.95097
0.645047
1.34711
3.997
2.25967
-0.951281
-0.864003
6.25654
1.9025
-0.485268
3.7937
2.92958
5.73577
2.35484
5.62912
-1.94312
2.40544
4.40494
6.38761
0.217016
9.81767
3.6577
-0.576446
1.5606
-0.990352
9.03615
-1.64052
-1.88892
7.81973
4.61478
8.81891
4.77063
4.67499
7.88727
5.76992
-0.680823
8.28017
2.27591
7.93336
5.84594
-1.84559
0.221849
6.75925
3.014
9.73453
-0.387699
7.33081
8.63138
-1.74775
9.67491
3.62002
2.91786
7.45664
0.423033
3.87551
5.05743
6.76765
7.20282
8.85932
7.4058
8.51231
2.13207
2.94865
0.830721
7.92311
6.68763
5.40252
5.03727
1.10103
6.96806
-1.43169
2.40491
2.64384
7.7278
6.1262
1.25099
7.03051
5.01512
4.22121
4.14806
-0.826965
1.77905
5.66247
9.1733
-0.144172
8.10259
5.20222
0.998274
1.97703
4.05971
1.92518
1.45912
6.705
2.84325
0.349955
5.07384
3.51485
8.50373
0.625845
8.46326
3.48134
5.01715
-0.0688655
6.33475
0.690282
-0.911034
7.5661
7.22503
-1.87398
8.56388
-0.246505
8.62564
1.85843
5.07207
8.48063
5.1876
-1.57275
-1.45218
3.57673
0.988972
7.85439
-0.400733
1.22444
3.34059
8.88487
9.56553
-0.225757
9.77367
4.58456
9.15279
-0.71041
-0.954425
4.90573
-1.46452
0.369326
5.82712
5.14016
8.18985
9.62263
4.57617
-1.05013
9.12926
6.22708
4.10095
-0.707357
7.46848
-1.88754
7.41029
0.908311
6.95675
6.67395
6.60741
5.56735
7.24965
4.38411
5.57672
-0.203992
5.7633
2.12374
8.87537
1.42247
6.38194
7.56085
3.58331
8.43409
1.8479
7.01228
4.36236
-0.326224
-1.05859
7.12511
6.557
9.13277
6.57806
-1.11289
-1.00838
4.78675
7.102
3.63647
5.77016
5.97359
5.11607
2.43564
2.44246
6.21395
5.79922
4.11941
1.33935
8.52329
7.87643
2.09769
1.75004
2.2807
8.63979
8.20046
3.75424
3.31164
4.14069
-1.56437
1.83349
5.68276
4.10786
8.86319
7.05667
7.01572
1.27337
7.75768
-1.63947
-1.79735
5.42531
5.90101
9.02025
-0.800382
2.58491
-0.215945
2.43055
2.45558
9.15045
7.90833
1.27859
-0.322755
3.19451
1.21209
-0.220496
1.43056
3.30658
0.519028
7.67737
4.75449
6.48318
4.17532
7.11306
-1.93318
-1.08375
1.87508
0.619643
4.94737
9.61502
1.0019
7.25601
8.36337
3.89243
2.02637
6.781
5.85516
8.19765
-0.449946
9.45788
9.48872
2.64816
6.63154
7.19292
1.11907
-1.85407
3.41244
8.28733
2.16379
9.0878
-0.485201
7.69176
4.66171
7.05279
6.4819
1.79132
3.47544
6.24088
8.55708
3.43105
9.28586
2.27577
3.72068
6.94432
9.4919
-0.951081
6.21855
-0.421933
5.99009
5.17822
4.14535
1.2715
2.04833
0.581512
6.855
6.69721
5.80238
-0.535807
-0.940991
5.1577
-1.57441
6.1284
-0.916399
0.897388
6.28639
-1.59219
5.08976
7.90699
-1.71265
-1.78607
3.27058
5.10869
9.07901
4.10702
8.04564
4.19279
0.269018
0.683304
7.38842
3.22766
3.16936
5.24384
5.72306
8.3226
2.31863
5.27929
2.96372
-1.14525
5.36314
0.615806
3.65954
7.91003
-0.89413
-1.17845
2.89001
3.02219
3.36176
3.59034
6.55763
-0.891265
-0.835945
1.52317
3.21797
5.89388
-1.09165
-1.97748
0.96476
7.29898
3.18596
1.18669
5.11024
3.93568
4.14677
2.8389
5.76308
3.23666
7.50723
7.36108
-0.921469
3.96179
2.0784
9.25932
4.69639
3.33242
0.289778
8.39744
9.38141
0.904976
2.53626
0.633698
4.14425
5.27572
0.188309
3.15348
2.06771
9.65452
-0.304689
5.24446
7.5007
4.96975
-0.0721917
8.41678
6.77561
-0.0115162
0.0772113
6.8381
1.84603
-1.95212
7.26303
7.48223
2.90029
3.32787
3.67743
6.61837
8.97829
-0.335927
5.60849
4.17066
3.44733
-1.52138
-0.847552
0.580293
3.72963
-1.63828
5.5712
3.82902
1.99189
8.44195
1.29551
0.278056
9.88168
7.41962
6.30766
2.77034
-0.747394
4.26543
7.28495
7.95908
3.94627
0.182304
-1.1339
-0.147159
-1.77197
7.69176
8.99588
3.30151
6.24312
3.45722
5.17806
3.57504
6.57968
-1.10095
9.59063
5.30756
5.37902
4.13803
1.50551
9.75691
2.20255
6.37181
8.25324
6.92916
4.29201
5.01133
3.15407
6.41112
1.08807
3.34212
6.81886
8.54277
-1.89061
4.99136
0.717063
1.3401
-0.67281
2.25618
4.64281
9.71816
2.27402
6.67561
4.09403
1.46019
0.80017
5.94839
8.70314
1.90623
1.88827
-0.499196
3.39114
1.98335
5.64993
4.39598
8.27695
6.58833
6.97314
3.81604
-0.68715
4.32833
-1.00057
7.37059
-1.04757
8.23938
-1.73574
1.71426
4.84126
5.34982
-0.459974
4.84743
-1.15377
-1.11966
9.3953
8.56154
6.326
6.2543
6.6129
4.88914
1.58467
1.71005
-0.144216
4.5376
8.20653
7.5011
8.27251
7.63052
2.85979
4.99516
1.0714
-0.0338314
3.24811
3.22481
9.18161
0.89769
8.69725
5.65958
1.19859
2.06841
0.792636
9.35925
4.18303
3.57488
7.19796
2.88308
5.73454
5.92564
5.86395
-0.476954
0.00752059
-0.340455
1.01961
1.93308
5.76977
9.38976
1.52881
4.66535
2.93002
-0.378776
2.34721
5.81932
9.84533
0.737193
-1.4528
0.539343
8.00967
-1.60703
-0.725656
-0.200119
0.815188
-1.72262
9.36174
-1.4474
8.98152
9.42065
6.71819
3.19298
0.600709
4.27932
9.43139
2.34932
-0.278992
8.4149
-0.0507738
0.705848
6.18662
6.64069
0.129285
3.99919
0.700672
1.28905
9.07886
7.87089
9.60254
0.804729
-1.05596
0.838482
3.4044
-0.414092
0.678682
4.24651
5.79969
5.92717
1.63718
5.13847
5.06633
5.56369
4.90314
4.20031
-1.40844
1.11145
-0.549363
5.19948
1.72032
5.1676
8.61671
9.90128
-1.22939
0.14628
2.95723
6.14439
9.47604
9.64371
-0.882668
4.11607
4.75268
8.11301
5.37843
5.93588
-0.609969
7.60294
7.76181
0.786836
1.30218
2.3694
0.270645
2.18152
4.32952
2.67758
-1.03076
0.137613
5.93157
0.789031
5.21247
-1.58692
0.800832
-0.253414
5.87084
-1.39195
4.00887
1.54192
3.65208
2.65897
2.05561
-1.28071
5.00765
1.22016
6.16695
5.18932
3.60421
6.21024
7.40073
5.84261
-1.98032
0.31913
-1.52636
4.27964
-1.03601
8.11655
9.38112
3.92004
9.98668
4.41194
3.04044
7.68177
7.88178
3.50341
2.85514
-1.04521
3.63652
9.05769
-0.656838
-1.48901
3.08837
0.439342
8.69976
9.092
2.99126
2.61678
2.09071
1.40643
0.494956
7.47878
-1.93593
7.91757
4.20042
4.97043
3.90084
4.4641
1.46266
3.82583
5.84331
5.43092
6.59553
2.38122
2.87229
4.2783
3.31271
4.66721
4.01004
0.990311
1.73942
1.57539
0.122431
-0.912083
4.06666
5.45053
4.91977
8.90036
8.66758
0.897965
6.4434
-0.568786
9.16806
0.749135
-1.89677
-1.28395
3.61959
4.95256
7.78063
9.40729
5.44194
8.45293
-0.74048
6.91834
7.30292
6.97153
1.4522
-1.58771
7.63823
3.58209
1.21369
8.79869
7.3053
6.43549
2.88828
1.46699
4.35311
1.55471
2.46278
9.17522
5.84945
8.99093
2.59485
1.47911
3.56287
0.847557
2.95643
2.39183
2.98729
0.473217
4.03681
1.74254
9.63335
8.46888
-1.92242
0.645282
8.62002
7.22642
4.85783
7.41662
3.22611
6.05258
8.11489
-0.955578
0.613745
0.0374274
3.43793
6.93049
-1.45879
4.8159
7.55482
0.996464
8.56207
7.41007
-1.61064
-1.08521
5.05735
4.11417
4.77277
-1.25572
8.8196
8.51714
-1.28762
3.49744
9.27186
8.30573
3.79148
-1.76429
0.440826
3.29275
1.57845
-0.535594
-0.142406
2.33262
3.71106
8.9401
7.98361
8.15168
4.6235
-0.859959
4.00878
4.53369
6.93502
1.37395
3.60032
4.52614
1.33396
2.08401
7.96865
5.08926
-0.219738
8.28864
2.8039
7.28141
7.65184
-0.222808
-0.625223
1.00212
8.62721
9.32562
1.47437
-0.804003
-1.76778
-0.439793
8.30449
4.09206
2.12015
4.41283
-0.0647413
3.6888
1.38009
-0.309309
4.72393
5.96945
9.48277
0.128796
6.36306
5.29883
3.78334
1.53583
9.0194
7.21626
6.10804
5.03566
2.92145
8.48855
2.19621
7.67324
6.30616
-0.165119
8.00603
1.95577
-0.127249
8.15606
3.15219
5.32643
0.224872
9.25769
-1.59156
6.61775
7.48317
5.65308
-1.01502
3.3005
2.54964
5.72206
5.44595
6.91583
1.01249
9.25217
6.30489
-1.45989
-0.683134
2.81398
8.29752
4.6798
3.42424
1.97642
1.21812
5.37972
1.58288
2.86119
2.47299
6.59837
2.22013
7.38533
1.48614
9.01879
9.60733
3.33594
2.90302
0.261894
8.21627
0.4084
2.24634
2.25403
6.96731
8.67807
2.5799
6.73136
2.9246
5.97387
9.23758
-1.94968
9.30678
2.18703
8.06928
0.442705
9.82398
0.699869
1.16078
-1.25112
7.93046
7.88857
6.9039
5.12878
9.82951
5.31751
0.894524
-0.138848
-1.41219
2.75165
4.78088
9.88783
7.75492
9.04684
6.32484
9.9233
0.0273585
0.390745
2.32826
1.52737
1.01885
1.04574
6.20682
8.95213
-1.7155
2.45486
-1.55882
-1.27361
2.01806
9.43964
-1.9144
8.41283
7.51029
5.90139
6.54593
3.41269
1.03783
1.70796
8.34858
0.338893
3.48164
0.253525
-0.457405
0.17539
2.86601
5.30403
-1.78733
0.529982
2.15767
-1.92455
4.73312
-1.96778
-1.62754
-1.07296
6.23775
1.27045
6.32671
3.81076
9.70512
9.2316
1.28314
4.99371
2.05713
5.51276
5.42205
1.9707
0.543216
6.13345
6.95815
4.22799
8.80072
-0.736217
2.18087
2.70762
9.89997
8.06909
0.318233
8.15289
5.57042
5.57861
6.87166
2.60099
2.06659
2.87804
2.08722
8.60132
-1.82333
5.68468
8.83162
3.39933
-1.16977
3.87808
8.28278
3.55867
3.82559
5.56172
-1.06696
9.88893
0.556705
-0.777194
9.70118
4.54502
3.98797
6.26757
6.22846
-0.558854
6.51884
7.61269
2.96715
8.42508
-0.563298
9.7319
6.88122
3.18944
5.92823
8.28726
3.49586
1.62403
0.499677
0.141194
0.356547
-0.300785
8.15506
4.81852
-0.352826
2.7042
9.29313
6.65417
6.91879
9.56915
9.81515
7.29575
2.0497
1.97916
8.2179
6.56666
1.17345
7.15109
9.59352
9.11861
8.30143
6.85485
6.08607
7.51442
1.05637
9.78278
-1.07875
3.20452
-0.244649
5.78117
7.89749
0.156575
0.348509
-1.60878
5.80514
2.99718
8.42988
5.28655
0.15246
9.38246
9.06952
5.3068
2.17051
7.84963
6.39028
1.2266
2.06197
1.77226
-0.756445
7.60933
4.98093
3.87504
3.41008
9.83347
-0.0111003
3.64188
9.62093
3.54984
1.11149
0.498653
9.03588
2.95474
9.10502
6.06151
0.0821438
3.36594
2.71493
8.69884
4.68456
7.59746
8.14702
6.27968
-0.967463
2.83079
2.81714
8.24382
4.25424
6.15529
4.81224
8.42001
9.03182
-0.279434
3.14541
6.84536
7.51237
3.64921
3.79009
4.23946
8.24409
0.959569
7.08965
1.68123
8.42543
4.78647
9.07081
7.72367
-0.62669
0.41778
8.65034
-1.19714
-1.91987
7.3804
0.812348
9.81997
-1.54481
-1.09367
1.41664
0.758428
3.24105
-1.03455
9.12865
6.32769
-1.82052
3.97412
3.37723
7.63533
-0.18055
0.402475
-0.334463
2.83337
2.08981
3.63374
2.51931
-0.27705
-0.218304
6.41491
9.26864
9.08311
0.379813
-0.18205
6.62669
9.02737
-1.98327
4.35783
9.24313
2.56063
7.28217
2.17393
7.51715
6.6844
1.38511
2.842
6.44317
8.99392
8.31839
1.64962
4.18068
7.29948
6.91999
6.80545
1.40855
3.71926
9.52541
3.61209
4.33665
5.18218
8.52629
0.86948
6.62222
4.11184
3.01
8.61195
9.87149
3.42493
0.144179
-0.29527
-1.97332
9.87803
1.97809
-1.34873
0.151334
-1.33368
7.10132
7.7057
9.31171
-1.95457
0.928467
7.62987
0.67033
7.44024
8.75819
3.00438
3.4001
9.35304
3.6144
-0.657422
-1.37614
7.17604
-1.86183
7.08613
6.98561
5.37232
7.68436
6.31449
1.49991
2.48832
-0.456228
2.58621
-0.382546
8.31185
8.89415
4.71926
-1.43217
-0.000737653
3.50853
4.39907
4.50076
4.82437
6.43866
-1.85619
5.47932
0.145309
5.70988
8.39266
1.00662
7.29416
1.25593
6.60205
0.224497
1.28945
2.19376
7.65299
8.66058
1.70755
-1.73669
1.37947
-1.86801
-0.428329
9.11202
4.85741
4.37363
2.61443
7.61986
6.69281
-1.29276
4.01278
5.37123
6.53467
6.85246
5.21244
3.91852
-1.29378
2.90023
-0.547441
9.49043
0.276723
-1.67893
5.67034
5.27913
-0.40102
7.37751
9.84884
2.80601
4.69539
1.12773
0.401712
3.03615
2.8528
9.97093
-0.738659
1.94926
0.0822008
9.34602
1.63753
4.40803
2.72342
-0.294491
5.10078
1.8493
5.85932
7.96893
2.15585
-0.477871
7.02747
0.478406
2.25337
-0.235872
8.84466
1.27484
7.09744
-0.964668
5.52343
3.27868
1.54958
4.44126
8.55562
-0.159075
7.54373
8.96137
8.81869
-1.62188
2.9192
2.98835
4.10488
3.10388
2.30005
2.02279
5.75162
3.58699
-0.158372
2.90908
0.631591
2.58431
1.46991
-0.93738
4.48402
-1.15412
2.05406
7.73619
-1.31828
9.70923
3.76847
9.6424
6.25504
-1.0738
4.67201
6.2255
9.23204
1.24375
7.65788
6.06454
4.07191
8.11249
1.41068
-0.691925
1.88092
2.22183
9.71477
-1.24216
8.20189
6.87908
3.02478
6.28399
2.18917
4.46986
8.12055
1.01562
-0.189875
3.2719
5.45074
8.09047
4.41694
9.65601
1.71206
2.92627
0.294298
0.00150554
7.40794
3.39085
6.88172
2.83605
1.34831
3.4349
2.81103
8.00711
6.2106
4.82744
5.84422
-1.94524
5.97919
2.16103
4.58769
6.46798
4.46318
2.44576
6.06402
3.0767
-1.83116
1.7598
0.972661
4.6183
9.13917
5.98069
2.88226
1.35123
7.03422
1.23768
0.106104
5.54115
2.41708
5.48724
2.16764
5.23436
1.14285
-0.063101
6.35247
1.93598
7.26723
2.10175
7.89317
5.78319
3.48026
4.06073
9.39792
0.190748
5.99383
3.06477
-1.24485
-1.10428
6.48083
9.21566
3.79347
5.75022
5.7096
3.41602
-1.03156
5.1477
8.6576
6.86659
9.07327
2.02751
5.64958
1.15603
0.683672
9.99684
7.38643
-0.0773212
7.37177
7.85566
7.09635
-1.13207
-1.23257
6.74119
7.11542
2.78405
1.68173
-1.60174
7.94204
1.77945
9.54037
8.16836
6.03702
5.28782
9.07729
5.23679
4.07497
6.1463
3.73702
4.13813
2.84538
3.21767
7.80707
1.88524
7.90808
2.03821
9.53256
1.7796
6.62405
2.51992
6.3821
1.41476
5.66469
-1.64765
-1.26057
-1.68952
3.1424
7.14641
7.91337
2.01443
-0.0463435
7.81577
-0.8478
0.787519
5.83771
4.184
5.48733
5.94574
7.68306
0.125959
1.81568
8.68858
7.54469
0.894775
5.12069
2.77806
4.07498
8.20771
5.37145
2.80542
-0.666089
0.402031
4.6298
8.25628
2.42325
5.91392
-1.39675
8.88157
6.25411
9.20665
3.33713
7.37778
-1.84721
5.33309
0.186164
-0.139081
1.3857
7.18036
-1.13331
9.75731
0.677272
-1.79019
9.52273
4.52664
5.4242
7.50024
3.25338
5.32641
-0.105673
4.02628
-1.9697
0.802971
3.9911
5.19872
7.53169
1.67999
5.31813
4.502
9.12278
4.90399
4.82674
4.51571
4.9652
4.21394
4.16236
4.35489
-1.73406
1.5448
5.00468
0.553315
-0.139835
8.07242
6.15636
2.38392
1.84536
2.42238
8.98586
9.51511
6.44985
1.60476
3.37167
8.11599
8.57742
2.43205
9.41995
-1.53554
0.0181589
2.61953
8.10022
-0.143619
5.81923
9.24859
0.447473
4.40724
9.78733
5.55094
-0.479488
0.375345
5.9353
3.94401
-1.81825
-1.84398
7.48742
8.68585
0.878371
3.96018
9.54116
5.47187
1.52141
7.56272
8.67921
-1.17038
5.64054
1.09711
5.22077
4.8762
4.60358
5.3988
-1.52558
3.96284
3.30509
4.41954
8.80872
9.81856
-1.14257
3.61368
1.14487
5.593
5.41977
3.11106
9.9119
7.54384
2.81857
9.43693
0.12049
9.54084
0.195406
-0.172095
6.52983
2.12041
3.32734
8.34263
-0.582204
2.80769
5.10613
3.59354
-1.7732
-0.462507
1.35182
9.42821
4.28924
0.903204
2.49084
6.54409
0.395507
9.29591
4.48339
-1.55457
1.51747
4.87144
2.37219
1.09515
9.93744
1.11145
-1.75059
8.99857
1.21859
2.51984
1.37964
7.70409
3.01327
3.79478
6.16382
1.89329
0.476183
2.71847
3.08123
-0.474573
0.2222
4.7817
1.864
5.23266
1.66131
0.571834
8.00148
8.80729
2.88881
3.58177
3.30538
-0.80976
6.87527
4.29689
1.32353
-0.935049
4.13444
9.72758
1.3095
-0.376526
-1.5872
-0.818867
0.261123
6.61904
0.755519
-0.722442
2.71036
-0.473099
8.15913
0.29762
8.14817
0.839368
5.13484
9.97269
9.67563
2.87915
8.34203
4.03827
3.54871
1.36717
3.21825
1.54284
-1.54056
2.94958
2.08713
7.21809
1.61475
9.37991
-1.57492
2.81454
3.91951
2.01063
7.27273
-0.543966
5.79519
-0.0237382
0.319118
9.36671
0.796082
2.18788
1.07829
4.72676
7.02261
7.23771
7.23812
-1.68312
3.51468
6.32252
8.81442
9.35873
0.0649859
3.60349
2.05444
-0.0394343
-1.02987
5.30121
3.5374
4.1231
1.3849
8.02174
7.71767
8.35832
4.06014
-1.71536
3.02555
4.64892
-1.93313
1.57011
3.82105
6.92588
0.0947383
2.44415
-0.0563179
8.72479
8.89741
8.25
4.14623
3.37876
7.78862
4.28976
3.36446
2.73646
5.59042
7.39168
7.02322
2.84882
7.51705
4.01614
1.4409
4.26791
0.771581
0.387062
1.02801
4.7068
4.20879
6.81319
-1.23406
-0.64588
7.84172
5.82097
6.9631
-0.692521
3.90276
2.61127
-0.804033
0.0447496
3.15552
9.11073
3.33651
5.19046
0.586956
0.270401
-0.729034
3.41989
5.89064
3.51379
9.23443
3.87857
1.71696
0.00436006
8.92134
4.16476
2.27873
0.722798
1.01211
-1.68861
1.40605
1.71711
5.44859
-1.91596
-1.37049
1.39255
-0.608144
5.43082
8.83152
2.96805
0.91418
2.02279
6.71875
-0.737056
2.94136
3.39815
-1.6337
8.0036
0.682963
4.89414
0.310427
1.48414
3.02632
7.26674
6.51691
4.1057
1.17794
9.99471
5.42984
4.23917
8.19232
7.00847
9.28404
9.92224
7.46435
-1.76615
3.04614
9.7187
6.20853
8.22232
4.66973
-1.62077
6.88102
7.7709
8.84933
4.74691
-1.75911
0.46447
6.3837
2.52138
9.73812
2.63193
1.5771
3.09565
9.80327
8.10527
2.65869
6.7401
3.42056
4.09164
7.0815
-1.18519
8.63579
4.80005
8.38913
7.42842
5.26058
2.88797
1.87622
0.452819
8.41918
9.75906
7.33
6.67833
-1.68219
3.91091
0.183975
5.57598
7.49535
3.5055
-1.30854
0.392182
5.23921
8.75565
5.29382
3.50268
5.26835
1.80241
5.99355
2.0661
5.16821
9.52405
3.09485
4.4474
3.01195
7.85807
1.05739
1.90364
6.11019
2.48211
2.4466
1.66408
9.1973
3.82219
4.81217
2.68958
7.1802
6.25484
7.47299
6.51928
2.25139
6.15062
1.84668
-1.58239
2.22353
8.85527
7.35551
4.21671
3.20077
2.1134
9.23231
9.63331
0.874986
3.01444
5.34794
8.98676
2.17726
9.92465
1.2014
-1.23535
6.75374
9.73197
1.0011
9.91965
7.3138
0.875314
2.52355
2.05594
-0.394798
-1.68972
2.39184
0.566759
0.0203685
2.75018
3.63152
4.63866
3.26081
1.11796
8.68085
7.74907
8.27197
1.42578
6.20382
-1.23275
3.58274
9.60799
6.81296
3.34526
2.28613
5.05086
4.51942
2.39656
6.8148
4.38231
0.0699812
9.93402
5.94356
8.57768
0.885938
3.29244
9.71457
-1.04834
1.75306
7.11042
-1.22025
5.52809
-0.657842
8.52776
6.2002
3.27151
5.29104
-1.54439
3.00025
4.88565
4.05846
9.76948
9.82233
9.33137
-0.475022
3.52462
-0.531185
5.21681
2.37098
8.22626
7.67386
1.38256
0.901676
1.03445
2.64047
6.88103
6.14445
3.18372
3.95021
9.60768
6.31865
2.91029
8.2848
3.61326
-0.203027
8.79822
0.901085
3.29291
3.05989
1.20595
2.19781
3.88066
8.85856
-1.6181
4.64314
-0.79007
4.44511
9.07718
1.31383
6.80863
-1.39661
-1.90648
2.40049
5.96093
-1.78217
7.64975
4.2335
-1.40641
8.15194
5.62761
3.25292
4.45506
1.69636
9.01913
9.47517
-0.653567
-0.0503973
1.45624
3.65984
0.637007
4.07307
-1.27545
5.12191
-1.02431
2.82019
4.78125
-1.78156
6.28939
1.82281
6.05988
3.05576
-1.50793
9.4521
1.06748
3.00608
9.82455
3.33846
2.27329
-1.09398
-1.96893
-0.684331
5.70737
2.49168
8.16583
8.06669
-1.70062
8.98231
6.62732
9.98021
6.30055
-0.0146221
-0.951502
-0.201599
0.373563
5.12905
8.14827
2.87649
1.16047
4.89981
2.44962
2.55921
5.98718
3.07528
2.08084
1.86846
6.67168
6.34784
-0.719646
6.94022
-0.0532793
1.41938
2.72387
6.59348
5.8393
1.32315
-1.35451
-0.591438
0.300596
-0.25834
1.22414
1.96802
6.96536
5.11547
-0.319623
0.583391
3.547
-0.819555
0.775092
-0.330967
8.90582
-0.744704
3.6052
2.76248
2.57668
0.239948
-0.844733
1.56229
3.82826
4.91199
3.94654
6.46458
-0.157397
-0.0065087
7.51467
2.21078
7.23925
7.00195
9.90861
-1.44317
0.477814
0.869858
7.48967
1.84754
7.70732
1.63508
9.34803
6.23512
2.10296
0.706052
7.42055
-0.699652
-0.523447
-0.772614
5.47319
9.41476
9.56799
5.96862
2.3025
4.94694
1.93006
6.45521
3.65932
4.93045
0.529023
0.72607
9.90267
7.9457
6.99699
2.69185
7.1522
-1.10434
1.91333
-0.526173
-0.987353
7.04797
4.17254
0.348155
8.43669
1.11008
4.86622
0.669394
2.24922
4.11314
-1.99728
1.10347
9.92799
-0.667134
9.64825
7.53136
9.9563
0.128914
8.26505
5.01096
-0.273705
0.414968
1.42773
5.65877
7.42798
9.04637
7.65509
8.68331
5.55509
-0.56549
9.80969
5.30884
9.20088
4.00655
-1.32311
9.53029
1.62696
2.57948
7.14466
8.59301
5.04485
7.38631
-0.218113
-1.87716
3.50236
6.18409
3.04319
7.47887
7.35734
6.7758
3.91282
-1.6992
9.24913
-1.58623
5.52458
-0.520011
-1.65243
9.0301
7.69389
2.06772
2.49772
0.5901
7.06823
-0.230662
6.36611
8.72065
4.23665
2.62732
5.92506
9.50933
6.55715
-1.34749
0.410731
1.04415
6.21724
6.38232
8.54787
1.0865
7.27412
0.558142
7.48094
-0.5397
9.82289
4.10075
1.93733
7.53267
4.93094
8.56942
8.03839
8.10339
6.70982
7.4279
7.91241
8.64822
6.4308
0.953803
9.79773
-0.930343
-0.505153
4.09903
6.48002
6.74094
1.68789
8.71512
0.632022
1.1757
6.05447
2.84192
6.59967
-0.104705
7.40982
-1.90992
7.88182
4.2588
6.03533
3.4367
-1.12443
6.62454
5.55165
-1.57404
5.50705
-1.02779
-0.776111
9.17892
7.2512
9.52798
5.26446
8.58327
9.47533
1.91963
8.14462
3.92231
8.59957
8.99322
3.0195
-1.37614
-0.0342248
9.91175
0.442816
1.9301
8.87498
5.08032
1.83468
5.5177
8.05284
0.0665494
0.870187
5.01106
6.08242
7.65923
-0.534185
8.4521
7.36502
4.63288
5.20553
9.29523
0.752044
1.43811
2.55756
5.01607
6.83128
4.97663
1.48682
1.99219
6.4117
-1.94387
3.6915
7.72889
0.434859
9.32507
5.06084
6.58294
1.33551
9.21054
1.11948
1.65965
4.57907
8.96577
0.511012
0.670656
7.57037
-0.635278
3.50297
5.99968
1.78328
1.0298
6.83132
8.46793
1.32119
-0.51139
1.92999
2.66409
4.16962
8.5476
3.05026
0.351292
3.27787
4.70961
-1.48731
6.39251
3.90203
9.30771
8.6761
1.13762
5.11344
2.98563
6.18565
6.83806
5.12713
3.45017
2.90642
7.9952
2.67623
-1.31643
1.26831
5.72165
9.67174
6.66181
8.57359
7.42528
4.84064
3.73765
5.26655
-0.477079
8.89672
5.23146
6.24979
-1.41711
5.40154
3.05367
4.69694
1.60903
-1.40158
-1.06543
7.13073
7.97911
-0.881227
4.87384
5.13418
5.43677
8.3451
1.47127
8.01663
7.85076
-1.42176
8.50316
9.6921
7.18953
-0.870017
1.61042
0.385137
5.66011
6.72883
3.70463
0.673326
3.0572
8.68446
2.56311
0.544813
4.09701
0.963722
3.48125
6.1892
0.619645
2.10958
9.72844
5.93664
9.54399
-1.98329
-1.37336
8.35966
4.7125
6.4874
4.17994
-0.788017
5.15068
5.49134
-0.460226
1.97518
2.02773
1.91023
7.61743
2.10642
4.27708
7.97274
-0.149499
-1.83965
9.37633
3.9618
-0.186775
1.16009
1.9276
-0.0216758
8.49434
1.5824
5.48443
2.64625
8.91175
6.9134
4.44561
6.86575
2.04835
-0.80073
-0.265583
9.06935
1.7589
-0.215497
3.9587
-0.861808
6.41285
3.99985
2.9053
7.87406
-1.95768
8.47924
-1.10381
6.06929
4.02043
7.78181
7.0869
2.55105
5.45457
9.53618
9.98056
5.51159
9.51122
5.83982
5.45637
7.64696
1.20234
6.86968
7.95171
1.24136
3.80374
7.75352
9.34719
7.79979
7.60079
7.42915
-0.736081
7.47771
9.54766
0.363215
-1.18957
3.34482
3.39706
0.80006
1.1042
6.36702
1.40555
3.25657
9.19934
6.78788
-1.68446
0.800903
8.48533
8.99274
6.30714
7.79681
2.85954
-0.0353252
-1.60391
5.16143
4.76445
0.761675
-0.888593
-0.68149
-0.656027
6.05038
9.08863
7.49168
9.16587
5.02635
7.98198
1.69574
6.03015
6.60705
7.46868
-0.26669
5.44351
0.733711
6.49281
1.90714
4.00525
3.74522
4.67502
8.36267
5.81898
8.25712
5.85966
5.1695
-0.336541
8.67153
8.9133
0.220212
7.00201
0.495981
2.3406
0.917226
3.0931
4.38643
0.376346
-0.732124
4.86985
-0.0808904
6.48725
0.405134
7.30013
5.99167
1.34266
3.11252
5.30947
4.35351
1.73968
7.14778
1.00899
8.69742
5.05394
6.73963
7.13304
-0.786638
2.07903
2.29202
0.663846
1.7855
0.740277
3.90794
3.83866
9.99284
8.93112
8.68475
3.36307
-1.32302
4.25059
6.69966
6.12032
8.776
8.82226
8.81431
3.36173
3.63914
8.18474
0.8836
7.83386
-0.231037
-1.66065
0.374728
5.92139
9.26507
-0.39606
9.59318
8.50005
8.60486
0.0185879
-1.69298
2.15193
-1.10522
1.8599
8.85294
7.64657
5.20377
4.59483
3.68644
7.12565
8.96693
8.24626
8.40781
4.60571
2.23219
2.13201
5.77457
2.22407
6.16223
-1.51681
8.21239
7.85326
3.21189
6.49674
-1.25779
-0.864637
-1.58576
0.119536
0.0463752
4.87772
8.55673
6.4216
8.71799
8.01933
9.66162
8.6089
9.24157
0.25202
7.97599
5.01023
8.90938
8.99423
1.48286
2.09067
9.39599
9.99446
2.15297
5.51201
6.65211
4.66842
2.68167
1.30959
8.06667
1.85755
6.4948
6.18177
6.9838
-0.325156
8.39856
-0.207005
8.68826
9.92647
4.43752
6.00145
4.73007
6.14725
7.87925
5.91495
2.23024
8.45453
0.119397
0.941728
0.971951
8.6117
3.53031
2.80126
4.46183
-0.682751
8.29811
4.91809
0.124016
0.380606
6.06978
9.73965
6.36867
-1.38996
8.02917
7.95539
2.64602
3.36173
2.05604
5.62029
2.78715
-1.90625
6.55309
6.66762
2.76504
4.03831
7.06276
8.74667
7.69005
2.53098
5.23586
8.51689
2.16961
5.91581
1.05463
8.31935
5.12494
9.4528
-1.33776
-1.81057
1.98385
8.71452
2.00502
1.11145
-0.203267
6.9769
6.93992
-0.809881
6.38838
5.27054
3.75065
4.13018
-1.46197
-0.930232
8.94562
7.29996
3.96076
2.87483
-0.357587
-0.565477
-0.342781
2.45842
9.99984
-0.801524
4.28641
8.76551
6.79929
5.75896
9.53217
-1.97366
6.40651
5.36486
0.0994869
3.0137
5.51153
0.281144
6.60694
-0.213306
9.51061
9.87756
4.38999
5.84469
0.0380864
6.67074
8.8277
9.39661
5.06075
5.19971
4.77359
0.905775
2.71294
1.07486
9.66834
7.09832
-0.499037
8.56802
9.53997
5.77926
4.88904
5.47746
2.02266
3.99487
-1.79158
8.64967
4.35583
0.458752
2.93964
1.53983
1.16547
7.25743
8.89753
1.28494
3.90616
-1.4188
5.6859
3.16363
8.94394
6.32165
8.71764
3.63669
5.99866
-1.13382
1.54678
3.49717
1.0322
8.91628
6.28479
9.93991
3.44997
5.59951
-1.82943
3.07838
-0.0486671
1.81022
6.46757
2.17091
5.52016
5.42099
8.23932
7.75059
7.09181
0.402606
1.31282
6.4645
4.90589
2.93093
-1.33622
6.67507
7.19422
-0.253817
8.81628
6.46585
3.99286
5.10433
5.81368
-0.247646
6.74875
5.28728
-1.64731
1.91833
6.2675
4.94167
7.58568
1.1902
0.862232
8.37206
5.19082
4.47826
7.82238
-0.956904
4.76628
0.638329
4.29049
-1.04152
8.4057
9.68343
6.86546
3.35316
5.8027
0.948377
2.71505
9.23414
5.8221
-1.24598
3.19042
5.28792
9.28963
-0.342043
5.17851
9.19821
-0.0239855
7.63725
7.97384
6.65264
2.3345
4.62776
7.92461
2.34166
-1.23363
0.144574
9.87924
2.69344
4.06989
1.05392
-0.817315
0.97147
6.33069
3.17253
8.49866
5.73902
8.36464
-0.208392
2.07351
-0.663779
-0.334093
9.65385
3.22479
-1.43615
8.01828
6.32511
9.70305
0.878281
9.16872
6.81215
1.37198
6.31158
-0.246818
0.221287
-0.872844
7.66311
0.119207
7.70165
5.78997
2.43964
7.84322
3.57725
5.55753
0.340614
7.45484
0.21001
7.42315
9.7735
1.55328
9.9279
7.78634
8.2195
-1.49146
5.62844
-0.945776
5.53544
4.0095
2.3293
9.56223
6.00184
2.673
9.79405
0.110809
7.43985
1.50022
6.39556
3.15768
3.39099
9.73276
2.1731
0.107833
9.98761
2.43353
-0.944781
1.29866
3.40824
-0.87988
-1.56447
0.878012
6.09055
3.53976
1.04986
1.62157
7.28001
1.80335
1.41902
9.2343
-0.553034
-0.679534
-1.40991
9.23629
7.56734
1.45769
-0.0567506
9.44626
-0.231966
8.91494
-0.798931
-0.732113
-0.508054
-0.187815
3.99265
-1.10502
2.96666
3.23006
2.526
4.92157
7.6524
1.828
-0.330141
0.212535
0.723324
4.75587
2.43429
7.27999
-0.629431
2.95703
2.93033
-1.14169
5.95503
7.41013
6.70325
4.08792
8.65267
6.47784
0.0156083
1.30276
8.09505
-1.17522
3.45618
9.9474
3.39934
-0.79081
-0.779319
2.24459
9.48207
0.729482
5.61537
6.84962
9.54729
4.29056
-0.141661
6.8876
2.53394
9.30805
7.48757
7.76483
-1.78192
5.29693
5.79367
8.14522
-1.43118
0.707569
7.03446
5.06441
7.07548
4.40244
5.64521
4.47235
4.14185
7.138
5.24659
5.81784
7.4644
5.22694
0.250854
6.66957
0.237324
7.23596
0.743265
5.70699
8.67915
6.30295
-0.505159
3.57483
4.80386
8.02813
7.4386
7.57574
1.78054
3.86926
0.282554
3.60101
7.71773
0.119113
9.48966
1.36699
5.21119
2.13241
5.90608
5.78785
1.52893
4.00701
6.38169
0.60117
8.56613
-1.68669
-0.398374
1.56161
7.25118
7.50487
7.72115
9.73281
6.66439
1.18333
-0.674026
-1.65822
0.530114
-0.119538
6.37656
3.2415
5.44121
9.44346
2.90633
0.580173
6.54368
1.26184
6.98417
1.70812
9.26498
8.80813
-0.149491
9.26692
-1.13829
8.86282
9.51039
7.24661
7.09558
8.41051
5.68102
5.60685
1.73099
5.39635
6.53725
9.50229
-0.804821
4.61191
-0.118243
-1.19864
0.957527
0.209574
-1.13211
-0.226763
6.02419
6.22318
5.51188
0.698465
-0.656271
9.96317
3.03186
4.86992
2.45807
8.15983
7.26088
9.41474
9.47661
0.272197
2.20979
-1.49362
0.422242
2.57635
4.5867
-0.374003
-1.86578
-1.38729
-1.82107
8.76435
6.4701
6.68206
4.72531
8.69548
5.32912
4.96782
-0.107717
9.93775
2.49919
9.199
-1.90113
4.95902
1.15576
1.80999
5.18562
6.91598
8.78042
6.64534
2.88894
7.5477
4.15696
1.2422
6.8507
2.13052
2.48757
-1.32587
-0.441637
3.27178
1.32187
4.37024
5.52202
1.10036
1.95636
9.67281
7.86789
8.17778
3.81274
1.90353
3.54382
5.7703
5.92326
5.42528
3.89598
7.52796
0.632314
4.58946
1.5683
6.4256
2.31998
0.342413
6.07972
7.0879
1.7272
8.03225
1.13045
7.53156
1.52656
-1.45588
-1.05984
9.17172
3.87455
8.04418
9.54089
8.1354
8.66846
7.04676
7.7762
6.14817
-1.35494
-1.38695
-0.746949
-0.0142219
6.90183
7.73969
-0.112167
-1.08112
-1.25041
3.58591
0.709987
1.98033
0.311167
9.60994
8.88676
8.39769
2.06327
2.29785
8.6797
0.487076
0.594775
2.07787
4.86926
-0.375173
9.16125
-1.90784
0.516557
7.49709
3.2612
3.1458
-0.978676
5.68959
5.65752
3.45039
5.30832
3.77467
5.59182
0.097464
9.31171
3.83806
0.964108
8.4614
9.17371
8.88473
5.67873
6.60994
2.79708
8.57206
0.456238
4.03252
4.9356
3.27126
3.45202
7.95935
6.80549
-0.0401872
-1.56353
6.03073
6.64448
8.72459
9.6689
4.59855
-0.442537
2.70718
6.06581
-0.308902
5.02849
-1.57806
7.45926
8.66387
3.41819
1.73136
5.6276
1.34434
7.66922
6.10519
2.67977
5.24912
7.01794
6.72301
3.74873
-1.90428
6.05354
6.4186
-1.82057
1.02511
1.27003
9.13488
3.36596
-0.545559
-1.14742
4.76604
4.50776
7.13256
5.63647
-1.19521
-0.113028
6.34268
2.44527
5.00737
5.98087
7.53456
7.71578
0.259548
-1.07973
3.33327
6.6019
0.114808
9.13252
7.52337
7.15621
1.39505
0.248777
1.93295
5.76663
7.95934
3.60138
2.2557
-1.38206
1.4341
4.59864
8.89915
3.67659
-0.638126
5.1301
3.78861
3.97088
3.98447
2.35589
2.4248
4.74602
7.58922
9.00791
4.42898
-1.09946
6.63196
4.80202
0.997597
2.17524
1.39245
-1.84361
2.70747
0.71946
9.49516
0.805822
-0.191305
-1.84065
1.26449
3.28062
2.3611
1.65651
1.03882
7.29272
5.8504
-0.238582
6.78706
5.19415
7.74847
7.27791
2.0299
7.12654
2.11536
8.822
3.09162
9.13158
-1.60478
9.65605
2.87713
7.02515
0.229711
5.01827
9.60393
3.96066
3.74919
0.664689
7.57342
2.78149
4.94625
4.20776
1.47341
-1.15901
7.48283
6.24838
5.0144
-1.82549
8.45715
0.801348
-1.02446
2.34127
3.78586
7.16187
9.73907
1.78318
8.62056
0.46403
5.83784
-1.4552
0.225692
-1.32395
-0.869258
-0.289084
1.6777
0.0578546
4.9775
9.22124
5.39445
6.66681
1.881
3.01223
6.44923
3.23247
-0.611583
6.98513
0.294351
-0.963859
0.205166
3.35044
5.87806
3.67436
-1.21638
4.10491
-0.0728126
-0.364828
3.87186
7.2792
3.35753
9.38088
1.99937
0.298123
5.70011
1.54391
4.68177
4.33726
2.90816
-0.439132
1.70312
-1.63888
9.1353
3.18676
6.31099
9.18361
8.776
0.278551
3.0944
0.865421
3.20995
-1.74651
-1.69937
3.81539
6.78705
1.01786
3.35838
1.47624
-0.271315
2.86411
9.07304
7.78025
-1.77265
1.00811
-0.655485
6.01703
0.20415
1.05942
-0.696399
1.10377
7.02998
4.14493
4.57101
9.71451
0.301423
2.82439
0.187261
-0.516486
-1.09048
9.28018
1.62829
-0.486349
1.9872
4.9829
7.19304
8.24866
4.62139
6.21559
-0.864787
2.18822
-0.303511
2.42515
9.98379
5.67567
2.03278
8.74902
5.12079
8.40369
3.67327
7.98978
2.44216
-1.24894
4.17784
-0.798102
-1.17178
5.52869
2.14836
0.00303577
9.89252
2.60668
-1.71187
5.62401
-1.00079
8.44268
5.98815
6.91945
4.67551
5.42619
9.43347
1.46636
7.04477
9.46978
3.59898
1.59848
-0.988087
4.39399
3.62045
9.24624
1.4488
5.00016
9.90373
-0.0154918
7.47773
3.26116
4.71158
4.5666
7.88527
3.70448
3.81363
-0.78945
-0.0254508
2.16382
4.49601
8.16415
-0.829242
2.24491
8.01141
4.23646
3.92554
3.45477
-0.924924
4.74264
6.31002
0.56235
3.93282
4.57268
4.42692
7.44894
3.54357
7.79472
-0.87924
6.74602
3.7109
0.362923
6.77312
2.42745
6.49154
6.00543
4.4531
3.7483
6.25651
-1.33448
8.24544
3.23295
-1.56793
4.5577
9.84501
8.70026
9.14575
-0.174984
9.77622
6.57583
4.17771
6.66841
5.19932
2.06367
5.03052
0.100075
-1.92468
9.06416
4.85051
0.206257
-1.8167
3.6283
0.417487
6.60074
2.35859
3.84115
-1.11193
9.52438
5.43669
2.03195
9.81225
4.48759
-0.610638
6.73719
5.19623
6.75099
1.8442
-0.174516
2.30471
6.49775
9.15715
0.490983
2.26079
0.0936176
8.3447
8.86035
1.87058
7.97185
3.06262
4.39575
8.8122
2.42282
5.73185
4.93919
8.6807
4.57507
2.21854
0.613241
7.65962
8.37552
5.77667
-1.17878
9.30576
3.6424
8.9261
8.68661
9.73175
6.44566
5.29521
5.57191
2.63005
4.38618
3.98639
6.53484
-0.271256
2.0819
0.779023
4.11646
6.666
9.69601
0.0596563
6.84984
4.90439
2.21728
0.415283
4.43396
0.243005
2.80866
3.03556
6.88005
-0.631423
7.50104
9.79279
-1.91446
3.10472
4.10242
9.09772
7.69001
0.920457
7.63218
8.75285
-1.69469
-1.11645
0.0182088
5.62707
-1.66134
9.70734
8.81239
0.572214
0.454903
-1.38936
4.99938
8.29386
2.80656
3.3004
4.67869
4.06647
-1.44634
-1.98799
8.63111
5.05415
4.63685
5.2801
7.19965
3.42351
5.9879
3.66027
2.48345
7.97795
3.34775
4.55057
3.72372
1.49947
9.50893
7.5911
-1.29647
1.17065
9.09827
3.0779
9.72632
2.07866
4.07376
5.38001
8.7022
2.21016
9.61262
7.69475
3.68401
-0.35705
2.51895
5.79046
-1.36461
7.50916
0.295803
-0.921416
1.97078
-0.931566
6.76868
8.66399
4.06043
5.11133
1.71832
3.03605
2.46488
3.15604
0.106295
3.27833
8.71643
8.26347
8.10085
8.08307
1.47074
1.75337
-0.93645
4.99983
4.47483
4.95833
-0.440092
3.11436
9.08495
-1.70344
7.07907
1.45891
-1.52784
2.937
8.786
1.47898
9.57889
1.4627
4.93742
8.82097
8.89925
2.28814
6.6835
4.04523
0.846089
9.30743
-1.47972
6.44729
1.69045
6.52719
4.24592
-0.880062
8.73807
6.66253
6.63149
4.64853
0.920535
4.21556
7.52113
7.48656
7.91456
0.136581
3.54664
1.01313
7.10746
7.6111
3.09209
6.61274
0.959366
4.83513
0.224406
9.51135
-0.254946
8.66987
6.7818
-0.62856
4.6546
7.75192
7.11304
4.68678
-1.17977
0.129962
3.0629
9.20692
8.4767
0.284608
9.14221
6.51164
1.8437
7.10158
5.46488
0.124343
3.41464
7.20918
2.97912
3.04322
4.48534
3.60123
5.0015
2.88269
5.92094
-1.9318
9.66685
0.775199
0.125587
1.87201
3.52768
3.24684
5.4676
2.44891
5.58548
4.70236
8.79613
3.17134
2.09977
2.51628
-1.18481
5.46675
5.95327
0.96116
4.69953
7.39434
4.13397
6.32915
-0.0678195
6.58673
1.65951
1.77644
-0.260105
7.33515
6.22657
1.35971
7.91589
0.878194
5.45672
3.00973
0.0644987
0.795753
0.515481
-0.496549
1.39027
4.96827
2.28062
0.0538765
9.92716
-0.868714
1.67287
7.78137
6.61726
7.24082
-0.615392
8.3743
7.59638
6.61292
0.949093
9.70864
4.56089
7.75985
1.18451
-1.6812
4.90426
5.85107
4.66871
4.94515
2.23871
0.173994
-0.353507
1.35762
8.15255
4.60577
4.10462
6.81581
0.799418
-1.06757
5.34719
1.1843
2.54911
7.03791
6.20771
8.1757
1.53204
0.955879
1.73775
-0.751905
2.83982
-0.844667
2.8415
9.16868
-0.084499
8.87372
0.336844
9.38047
7.19734
6.73008
7.24436
9.42161
5.43411
2.75169
3.90729
7.8974
3.99842
-0.955083
1.50493
6.75958
1.78755
-0.213466
1.09131
0.525695
4.6253
7.07742
4.34367
-0.593108
5.02316
-0.678163
6.53362
1.82591
1.49972
4.52461
3.2345
0.733097
5.34884
8.68359
5.48475
6.1131
6.03087
-1.22703
0.928902
0.372623
4.59303
6.4792
0.438548
8.47466
6.53965
3.8835
0.685553
9.36622
8.39261
0.559405
1.31618
-1.63201
8.26911
8.81521
9.96823
8.48589
7.74767
3.68577
-1.09522
-0.642706
-0.992702
0.129604
6.16293
-1.61352
2.59613
5.4816
2.83514
-1.04613
7.56435
1.4249
8.57598
7.60924
4.38671
3.09033
4.71183
-0.310784
5.77111
-1.33179
2.64012
6.58329
1.17516
-0.850041
4.11607
3.60745
0.538326
8.78549
5.22003
-1.71239
-1.29858
4.22234
5.1673
1.81568
5.77457
-1.00823
2.38705
4.61467
4.36923
6.32311
2.97756
3.38671
6.65196
9.68445
2.05568
-0.551363
2.10585
-1.09742
-1.79395
6.67884
7.78051
-1.09188
-1.1113
1.54659
2.62704
6.68506
6.88057
1.33344
0.625648
7.98511
1.51779
6.34299
8.50317
3.96304
6.29516
0.532366
8.86223
5.79812
7.73165
7.09574
7.73371
1.56575
-1.88756
6.57324
2.53584
-0.0422336
2.8642
-0.337451
-0.446893
9.91728
-0.722066
-0.351743
2.92255
5.66533
4.21704
6.06934
0.879127
-1.81288
5.11989
8.58728
0.598276
5.65862
3.92558
9.75062
5.71492
0.370908
3.07827
-0.449224
9.47025
6.10398
4.46118
8.94968
-1.15555
7.11167
2.93545
9.16488
8.71579
-0.153967
3.02553
8.87654
3.58908
4.58836
7.39983
5.67505
6.15724
1.88496
8.71902
1.02565
5.33423
8.46913
3.8512
8.49163
2.88932
-1.5285
4.51706
1.72341
-0.853156
6.30955
2.32288
-0.832451
1.27879
-1.32834
6.321
8.39885
-1.70761
5.651
-0.872661
2.31071
9.47191
1.91865
3.59815
-0.247247
0.835825
-0.244648
3.39388
0.525745
7.80336
-1.30045
9.36271
0.803557
-1.00833
9.11509
5.30884
8.13188
5.0982
5.52641
-0.391561
0.586716
-1.83596
3.16863
0.889714
2.34405
8.42324
8.51129
-0.797676
5.94056
8.28803
1.44858
9.07802
6.70471
5.45622
5.39673
-0.276298
6.45662
7.00347
7.65439
-0.384722
-0.447085
1.42973
3.29069
2.95743
-0.25427
3.46552
5.68561
4.4735
2.5574
-1.58097
-0.421141
3.59381
-0.166139
1.49789
-0.604923
8.24195
3.81585
6.24076
-0.974962
4.55375
5.47924
6.13237
1.22211
-0.0587446
3.06687
4.05389
-0.382222
8.09589
9.72325
-0.00174726
7.14489
6.65783
5.55467
6.90778
-1.63906
3.38871
2.86372
5.5181
3.50155
6.09918
7.81436
-1.76131
8.53648
1.80492
9.89923
3.91872
3.40402
0.35503
6.62865
6.11272
7.84081
9.56021
1.89559
1.08905
9.78201
-1.25582
3.24744
-1.95994
7.39739
3.75088
-0.780067
2.85868
5.29129
7.87122
3.54047
0.476982
8.92442
3.58801
-1.27523
5.31463
-0.717846
6.87578
4.77296
8.60105
2.88644
5.43608
-1.6673
7.33827
1.8875
6.31254
0.660585
-1.28209
9.20178
4.44905
6.66044
0.625008
3.82562
8.02484
3.4552
9.49341
8.43849
7.47953
-0.333259
6.0964
6.24382
-1.70921
8.65709
0.302735
1.59889
5.18027
6.53843
2.98753
7.86318
7.52871
3.0417
7.0806
5.31018
8.26257
-0.870186
3.4097
4.52997
2.77209
9.13258
5.4991
-0.934865
1.97098
7.75431
-1.30523
-1.6183
8.32611
4.60638
2.92236
4.30386
1.75891
6.06303
1.57937
-1.1343
3.48795
-1.86435
-1.32677
7.99556
4.76551
0.176216
2.19224
-1.18419
3.14684
6.38168
3.65284
0.937564
3.24691
-1.38975
3.4831
-1.89552
2.3703
1.12535
-1.41123
-1.68055
7.26171
5.28468
8.70829
7.70267
8.49067
9.93279
5.86732
5.10861
-1.85335
2.05812
6.32801
-0.809595
7.57021
9.76624
1.49894
4.95846
-0.844107
3.13111
7.00058
7.53626
3.00295
-0.816494
3.18643
1.34524
4.19733
4.77877
7.23361
9.99062
0.353582
-0.344073
7.25182
1.02346
1.27364
7.08187
7.6866
1.38515
4.63063
3.94559
2.25118
0.409471
0.0495901
8.69933
2.31816
3.49429
-1.78898
9.21495
1.64308
-0.681731
5.59563
5.25417
5.23642
2.32421
7.91603
9.70755
3.2432
6.41913
5.17066
5.95327
9.66275
2.27806
3.85019
3.92785
1.70058
6.80698
7.58604
9.24516
3.27923
0.737322
9.79962
-1.71632
8.14741
6.21792
5.6675
8.05402
4.46761
1.59976
6.12713
7.67395
1.45258
0.0102241
1.0199
6.53543
-0.0405538
0.266632
0.858079
7.14484
-1.69689
8.7854
8.05392
9.71192
3.45687
6.40236
1.53395
5.85016
9.65758
-1.81026
-1.89432
8.80964
8.42831
7.20556
6.36849
3.237
2.04053
6.3658
8.33075
6.5391
6.11845
6.528
4.33336
5.85377
1.41995
-1.90885
7.84331
4.56091
-0.779189
6.95871
2.51472
5.12942
7.56774
6.36124
6.74551
6.07768
3.98202
0.900308
8.05335
8.71495
5.04005
3.69217
3.71312
-1.98548
1.72032
6.5726
-0.717577
2.50452
8.28394
1.99443
3.14673
-0.572339
9.5711
8.18592
8.01805
5.7126
-1.54216
7.60235
4.96825
6.83663
-1.18159
2.07303
0.478255
0.507117
3.92153
7.61073
5.7138
8.72232
6.50795
-0.716298
1.94885
8.80258
8.70436
-1.6389
8.2195
8.64293
0.42784
9.9721
5.52802
7.87944
2.28039
-1.05503
3.56094
5.00135
5.90847
1.31682
-1.901
0.795976
8.21615
-0.297423
-0.274904
3.92938
1.52041
7.02494
6.53698
5.33237
1.46931
4.16393
3.80004
3.11948
5.03496
-0.738344
8.65347
-0.0134598
9.95752
-0.820499
3.92693
5.30002
5.93186
3.69123
8.57522
4.49249
1.31065
4.25902
-0.816745
5.89041
0.572514
2.74871
5.59992
2.40721
1.37593
0.560657
4.05678
1.31901
7.27267
8.18911
7.98165
2.30621
9.08965
-1.86868
5.02276
8.25824
-1.6341
7.66833
2.65439
5.42595
-0.0789547
8.70377
0.286104
4.38656
-1.04321
1.49749
6.10207
8.56111
-0.735407
5.11116
8.33806
0.53054
6.42525
4.35858
1.12867
5.37379
4.18632
7.10271
1.75543
2.62967
8.84569
4.74142
3.30675
3.49937
5.28606
7.23237
4.59286
8.91974
6.52202
3.00044
4.27204
-0.431458
8.31779
9.8586
8.49437
8.41547
-1.15857
6.38707
7.52927
5.07987
9.85061
3.31205
1.31988
1.35536
-1.12438
5.02298
7.42026
3.85515
6.39027
-1.59817
-0.783623
4.10673
9.13151
7.30134
0.731225
7.81688
6.80694
-0.11985
0.929574
0.164304
9.24023
4.48116
4.75915
5.49644
0.292538
-0.245149
6.35856
2.98232
8.64411
8.76098
4.54674
9.27692
3.18244
5.87005
8.15861
8.95343
6.9239
8.6521
-1.17195
8.12963
-0.404529
7.93007
-0.402634
3.97285
4.111
7.01543
-1.39726
5.41489
6.24141
7.24376
2.1743
3.4677
6.36399
8.25791
5.41026
0.702108
4.424
6.81205
3.78103
7.78712
0.404864
0.977031
1.41903
5.94347
7.54054
6.10144
0.207257
5.33054
8.13854
2.21159
-1.77699
1.7536
9.00626
6.23714
2.41188
5.24251
7.59272
4.28917
8.31042
9.69886
-0.65382
3.61565
9.34944
2.42753
4.73171
4.49949
7.73155
8.70565
3.41199
-1.15592
4.17485
5.53435
-0.716064
8.81967
9.62835
2.17413
-1.22543
8.40329
7.77404
9.44232
4.78594
9.46036
4.40563
4.792
-1.2664
7.30835
6.71931
4.28377
0.415585
5.02509
4.90034
7.97733
4.69041
-1.57384
4.16547
-1.65867
6.95789
8.10033
-1.33627
9.57468
5.74889
5.98606
-1.20192
1.09696
5.39612
2.86043
8.36057
-0.222899
2.36402
4.78005
-0.0995106
6.26257
-0.959723
1.62351
7.17788
4.46388
-0.730424
1.52118
9.91264
8.09811
9.64508
2.05472
4.94226
0.0183338
-1.66892
5.35125
8.34044
4.33373
3.12007
-1.94208
8.72498
9.53092
2.56717
1.33823
1.56366
-0.640423
9.07792
6.98371
7.14603
2.26378
3.0202
0.224773
9.67143
8.89583
6.27776
8.11333
1.859
5.33349
0.241452
6.75836
5.30994
9.91018
8.97381
-1.98085
6.46807
2.11013
1.59645
9.32114
4.25286
2.01162
8.77512
9.7692
6.95047
0.0287931
-1.25393
-1.69207
9.84766
-1.31001
6.10698
-1.56096
5.68527
8.39793
4.58437
-1.6711
9.5468
-0.973098
4.79634
8.95993
2.3344
8.60726
2.43954
-0.118752
-1.77659
2.44761
6.33733
0.133474
7.86258
0.999258
-0.803813
7.74037
4.34461
4.56213
5.0821
-0.0516215
7.76042
1.04383
-0.324024
9.34663
4.77933
0.124744
9.6773
2.07097
6.07182
9.26966
1.14797
6.94253
7.18675
7.38603
-1.22437
6.02086
3.80557
0.97483
9.5521
1.00095
9.7106
-0.570519
-0.404121
9.20175
-0.274196
5.04907
1.13515
1.80527
0.454564
6.47221
-0.118553
1.71999
3.7015
1.01169
6.108
8.18959
-1.9588
-0.335901
7.19879
5.73424
3.67771
1.48084
0.257177
2.42632
-0.923665
5.96372
5.83786
3.70338
9.32181
4.2277
5.56759
3.1537
-0.467889
-0.178156
9.06151
6.78022
-0.43498
0.99356
2.39192
3.18699
9.36932
3.93181
5.75565
0.667651
6.47401
7.61506
7.59008
6.4732
4.23426
9.4448
1.13058
9.81504
8.08631
7.8906
8.35047
6.72488
8.2695
9.1989
-1.89201
1.53775
8.24568
1.87797
1.24428
6.70076
4.60527
9.24017
0.65426
0.683341
4.73846
1.74395
-0.827053
5.62847
2.87392
-1.38786
2.63355
7.61578
2.25527
8.55762
5.04438
2.1071
8.17388
7.35372
3.09508
-0.796304
3.08026
-1.93145
4.99928
5.57719
0.751159
-0.857355
-1.10152
2.04778
3.664
8.6059
-1.37864
-1.93449
9.06733
8.96551
5.65574
8.39089
6.94205
-0.841011
9.59878
1.78345
6.29554
8.57936
1.24827
3.64705
1.95599
7.34438
6.84025
6.96842
-0.655631
6.44418
7.24845
6.31037
4.09492
0.182312
9.91667
0.711989
-0.779735
3.45702
8.94775
3.17381
-1.54256
-0.0880499
-0.104388
4.16532
1.6088
1.39378
3.85826
5.77483
3.24082
7.80018
0.13802
4.41388
3.14208
4.80709
9.83384
2.65585
7.93189
5.72474
0.217445
5.61968
-1.53312
1.72125
6.07286
7.12424
8.7254
-0.490043
3.28053
9.50388
2.2794
3.13839
1.06104
5.51027
2.14207
5.51071
6.87977
-1.57662
3.03532
4.88821
4.02371
8.23016
2.71778
-0.494761
6.87173
-0.219879
-0.316731
7.52234
7.50718
-1.72667
7.15828
-0.589788
3.09901
9.09513
-0.406354
8.6795
-0.673157
5.09644
-1.26865
7.8273
-1.32645
-0.377184
5.24827
5.43703
2.64798
-1.9962
3.88215
2.56065
3.85874
1.45902
-1.24433
7.01448
-1.55141
-1.89064
1.39818
9.65029
1.79293
6.37612
6.34268
5.16854
4.13648
9.78685
8.77499
9.55219
1.03519
4.23303
7.03981
2.42101
2.07304
-0.257296
5.85112
2.7821
4.67259
9.24052
6.18213
-0.0790162
-0.925875
-1.84541
9.03022
9.47378
2.50733
8.85626
1.17437
2.24349
0.0252992
7.57752
-0.324696
2.61709
4.52179
4.69831
8.13746
2.50228
6.49688
6.25329
0.458444
2.62091
1.49859
5.21564
1.43885
-0.698143
5.27003
-1.59934
2.38178
3.40106
1.64519
-0.781113
-1.82935
4.84095
3.37177
0.267993
7.35869
4.49355
8.00662
5.22259
5.88291
8.32727
4.98145
4.60543
7.25267
-1.40936
4.31132
7.67689
-0.382003
9.70372
-1.28451
2.42391
-0.919026
3.85236
1.93642
7.4771
2.32096
5.95283
-1.8524
5.11871
-0.328592
4.21624
3.84641
7.83361
2.64599
-1.54467
1.5359
9.7538
3.32449
6.67388
6.29027
8.89285
0.462448
2.73048
4.95728
7.87983
1.93611
2.94378
5.79849
4.3845
8.35022
6.81253
-1.38991
8.87848
4.33702
2.66235
9.64911
9.37165
9.60644
5.69294
2.71492
4.41561
-1.94796
8.86162
-0.802501
6.22983
7.19646
1.18967
2.28502
-0.623749
-0.615139
-0.353886
7.31351
5.26971
6.07362
-0.170864
1.37594
-0.678871
3.76473
1.00044
-1.05268
4.50397
5.78038
5.75837
2.29244
6.57496
8.34393
-0.461235
-1.66483
5.41379
-1.3548
8.28237
6.43294
2.02707
4.98667
8.91698
4.47024
4.96162
0.188893
-1.85101
6.97406
4.54825
8.93167
0.542649
8.72752
-0.380988
1.81446
7.88438
7.93466
7.34118
2.77152
3.64103
7.46993
7.19248
-1.4882
4.53491
7.23272
7.84292
2.53307
8.88034
9.01819
5.12917
3.10481
8.46325
1.35382
4.73643
3.58821
1.48327
0.407507
9.37537
5.30441
0.385755
9.20401
4.84919
7.78689
-1.00678
7.93455
4.76975
7.04967
4.23427
2.0156
9.40928
2.41997
4.51867
3.33653
8.36133
5.20996
3.15552
7.40552
1.49955
5.50959
4.55198
9.82147
9.41269
5.70167
2.95151
6.95828
8.07687
9.38982
2.61474
1.07696
7.79006
0.675053
3.40612
0.482166
1.21359
4.77638
6.31157
4.28354
4.41976
4.66475
2.3713
7.71009
9.33172
1.58392
-1.04291
7.09224
3.01784
4.9548
9.16054
3.73476
8.11842
0.0897368
-1.05617
9.4261
8.84782
2.87034
7.88261
9.53845
2.46231
6.79485
1.76428
8.07929
-0.952977
3.4619
1.95901
9.15821
9.1949
3.73758
8.99348
9.94594
0.559939
1.15314
3.69596
1.9273
-1.1652
8.08977
3.65094
-1.66626
-1.52355
4.85449
9.64895
2.65502
2.58651
-1.8326
7.37486
2.92919
-1.25233
-1.1429
7.16383
7.32335
6.23328
-1.88135
1.28818
7.09624
0.908126
2.92042
7.1979
8.3788
5.13579
-0.496356
1.5758
6.27562
4.20228
6.78348
0.420907
9.55404
7.54911
6.33527
0.835421
1.61914
2.81826
6.15072
2.40512
6.6162
8.54666
5.92969
1.36618
3.08508
1.30927
9.53228
-0.659453
5.30121
0.361094
0.974138
-0.574828
6.11049
0.322175
1.41967
5.16798
6.92635
-1.11846
3.94663
5.11696
-1.23963
6.16716
2.85749
0.236337
7.67793
3.80205
4.51801
4.0358
0.309179
8.9874
8.62214
7.55694
6.39165
1.99058
0.00125711
2.55303
1.10927
-1.87152
-0.0285899
6.01195
2.94812
1.64007
3.54381
1.32666
7.9271
5.28819
2.97401
1.79698
-1.3944
2.04931
1.53442
8.44188
6.72259
1.52801
-1.65765
2.16075
1.72088
8.17543
6.56769
6.44459
8.92475
8.34747
9.74123
9.76865
4.85377
9.12754
1.39369
-1.28906
5.24653
4.0296
9.4779
8.16088
4.72095
1.10356
3.24077
2.23484
1.14414
7.04162
0.0964497
9.81007
7.03899
-0.124883
2.31114
2.14856
7.19506
4.96149
7.07015
3.20769
-1.99597
2.03369
9.27279
8.7807
5.82429
5.88144
5.9792
3.03638
7.0513
1.28379
1.95051
5.83869
0.0823536
1.19957
1.72073
2.45121
2.27385
4.43588
0.151369
3.00516
2.84414
2.15914
-0.36803
-0.604029
2.53813
-0.528705
4.95923
8.87451
-1.93986
3.8036
-1.30741
-1.45924
2.43009
4.9437
1.01021
-0.762451
0.0770133
1.4658
9.37149
8.52457
6.85003
2.06138
6.21424
0.569917
2.18596
7.81769
-1.0106
3.32771
5.08725
5.88462
-1.82957
5.1522
8.70135
7.39154
0.754191
1.32279
-0.929344
3.5702
8.19772
3.80685
-1.50751
5.23388
-0.163457
5.77011
1.47472
5.52553
2.77215
4.71093
4.01623
1.52102
1.39651
6.52387
-1.28694
3.07018
-1.57582
5.55593
9.59996
-0.799229
8.80861
2.12899
-1.88031
9.7226
2.97787
4.22206
9.85432
6.02196
0.300275
9.46087
3.27585
1.95993
9.48327
5.40004
-0.0599023
1.55162
5.80616
2.95944
7.76384
2.85443
8.79682
-1.31048
-1.38141
-0.641969
4.05615
6.56847
-0.0568181
8.84661
0.457379
-0.857929
7.28012
7.73425
-0.80141
6.97743
4.25485
0.34876
4.90039
8.30749
-1.59409
2.6131
1.41907
8.99943
-0.109841
9.53606
3.30905
2.066
7.74525
0.878277
3.47291
-1.00112
-0.29222
-1.97454
9.13235
2.49931
4.44818
4.34184
1.90488
9.69075
2.82654
0.0820538
6.01667
3.23048
5.07766
9.42228
8.11452
8.90168
9.99989
2.64641
1.01962
3.56168
-0.575531
9.43697
-1.79139
2.21815
4.78013
7.75844
8.39492
0.84893
2.14743
7.78673
-0.561552
-0.970131
-1.69614
4.65649
5.83336
5.71599
-0.578726
8.33066
5.54532
2.43511
6.14307
2.84244
3.9706
1.68016
9.83063
3.05894
8.67173
8.0374
1.13425
2.09832
-0.872985
4.51692
0.620929
4.74791
9.93114
6.69825
2.92394
-0.109366
9.92871
2.92111
0.311099
0.990781
5.53236
6.84131
3.96243
1.97235
4.65485
0.940292
1.64698
5.45106
8.66858
0.0332876
5.42494
7.76694
8.43372
4.0751
5.23325
-0.892311
-0.00880062
9.48235
-0.552192
6.07298
8.80224
5.93261
3.81774
6.43203
1.37361
3.53921
-0.41317
2.14392
9.01632
7.71173
1.98563
6.11794
4.64188
7.3801
6.54563
5.38947
3.15599
1.82743
1.17722
9.42995
1.06735
9.66335
0.378334
2.73326
4.03107
-1.29146
9.08642
3.54094
9.04196
5.42882
8.69274
0.299365
-0.281107
-1.12371
7.69581
3.0552
-0.377378
-0.684001
6.70022
-1.96326
2.27169
9.1148
0.917845
6.92204
4.64796
2.88599
4.46285
8.90234
-1.71962
3.89958
1.55046
9.62293
2.21247
3.45815
8.53166
9.09057
4.54922
0.434794
0.369922
9.94907
5.57382
3.6432
8.07714
1.32058
0.805614
1.23951
4.49756
6.37269
2.75319
9.04941
7.11197
9.72637
3.27154
2.72779
3.17422
4.40433
-0.943504
3.06922
-0.337624
3.39105
8.15142
0.0818248
5.0707
-0.267081
7.79068
-1.7619
3.57205
4.47284
8.37228
7.87777
2.3989
9.16535
7.33207
-0.035184
1.03072
0.508619
-1.78607
1.41002
-1.08188
-1.11969
1.31512
4.39746
3.94148
9.48815
4.03847
3.58647
8.83595
4.9472
3.33879
0.47676
8.67569
2.65532
2.76039
3.39101
6.76489
4.98305
8.94182
3.59627
1.29703
6.38438
5.75127
0.614398
9.85441
0.653016
-0.334357
0.159504
6.51322
4.08834
7.75057
4.20347
-1.58425
1.41338
0.597262
9.74043
-0.31085
-1.36684
6.64586
9.12945
8.78978
2.75999
-0.199317
9.416
4.67095
-0.760574
7.11728
5.23329
1.13041
-1.98141
0.141616
5.69758
1.97531
-1.90121
9.49558
2.91202
-1.1954
-1.20715
9.49063
8.77438
4.32837
8.12801
2.88699
-1.23745
5.50412
3.11746
0.719883
4.20288
1.6565
6.53883
6.67215
9.92943
-0.433563
8.35359
6.14231
6.67367
6.52492
6.04017
7.95233
8.77081
8.89039
-1.0643
-1.29728
8.36716
-0.247815
1.04008
9.53945
1.18543
5.35268
7.20479
4.95947
1.50291
-1.6682
1.47996
1.22182
9.09758
-0.164637
9.32497
5.64763
5.95904
3.60532
0.851971
8.21124
-0.307215
-1.98996
9.16644
9.88929
1.59758
9.36314
1.1995
9.14059
7.1843
8.28448
6.69482
5.4096
6.4433
4.72141
1.63134
-0.833669
-0.535899
0.284522
6.96743
2.6675
0.490705
3.82498
2.27215
9.37775
2.74235
5.25759
9.77534
9.58419
3.94831
2.00277
8.79478
1.37122
-1.18269
9.32725
-1.07149
1.03957
-0.768269
9.78478
5.13265
9.03999
9.32614
3.09061
3.03817
7.76324
4.36218
5.53015
7.22475
0.0872468
2.13604
7.03152
1.24654
4.66988
7.74289
4.36372
3.65995
2.63583
8.00757
5.83484
4.21831
2.20767
0.46126
3.02776
-1.69514
0.0277312
0.848512
-0.854736
-1.22881
8.26427
7.89314
2.65569
1.95841
3.87586
4.15647
3.04104
6.17655
-1.34654
2.40989
5.99425
4.41772
6.55995
6.29782
3.5145
8.54956
9.92896
2.20738
5.06195
0.54765
7.62126
1.27179
4.71138
4.40926
0.649
7.83281
8.33057
8.2011
1.96068
5.4053
4.79568
8.96954
2.23242
9.38723
0.468889
0.730267
6.27581
4.88672
2.71685
-1.36172
0.455328
0.77284
4.62151
0.83615
0.964605
2.92882
-0.0583592
2.75584
1.1338
-1.21125
3.94111
4.13118
5.70044
0.610092
7.38997
2.56879
4.80141
7.43274
6.50067
9.71024
5.07214
0.500801
6.19223
1.32869
0.969758
8.972
4.59407
-0.201626
4.80747
4.62107
-1.29028
5.92859
2.76165
2.85342
3.33455
-0.023867
8.97169
2.90865
1.18255
4.07124
6.96676
7.71396
9.72826
4.76338
5.00466
9.27046
5.9847
9.36972
6.15798
4.03496
3.63505
4.94843
6.9349
9.36719
-0.847402
7.21564
3.07318
-0.438631
0.901739
0.771386
9.01259
-0.953364
-0.383134
8.52913
3.71923
-0.0894516
-1.00526
9.43936
-1.21545
6.14781
7.49436
8.7271
3.50377
-1.20695
1.10931
9.30078
0.587148
0.397401
0.447071
5.99105
6.08057
3.63195
8.46271
1.61874
2.64086
-0.0192335
8.89646
5.59151
1.20647
7.48131
7.46684
-1.8713
2.88235
6.4375
7.92626
5.65669
-0.719045
-1.09824
9.01673
7.47148
9.20593
9.65676
9.50441
4.53437
9.41419
0.564154
1.03312
9.01735
-0.0149719
2.50726
0.280455
0.92113
3.38737
4.81757
8.18197
7.45214
-0.302796
9.81578
8.70416
1.85838
3.20217
3.30184
5.60446
6.32665
7.6038
6.77442
-1.42955
5.56778
5.53829
-1.70759
6.83667
-1.21775
9.971
-0.0880657
2.87612
-1.11955
5.98335
6.82393
-1.80054
3.93966
6.3792
7.0842
-1.92202
7.93106
-0.216
5.32764
1.50525
7.94861
5.28237
-0.331241
7.18171
9.03242
6.86094
2.8694
-1.7011
8.51344
-1.65107
8.29265
-1.73898
7.26912
3.19402
7.2714
-1.80725
1.71396
6.70857
5.72054
-0.716379
-1.57998
3.90892
3.7735
2.28757
4.83139
-0.795083
2.85376
2.86135
5.21923
3.68209
7.296
3.33633
8.72819
-0.35015
5.99666
6.17176
-0.370518
6.34721
5.09991
3.89306
9.45898
7.64527
9.87
9.33591
1.29377
2.41072
6.17308
4.84798
-0.665447
4.167
6.23413
0.340808
7.30186
-1.74502
2.45034
0.303874
6.99819
6.6778
8.43713
5.4836
-0.0495535
3.32219
9.87604
4.80932
5.16173
1.37257
9.95775
0.621865
2.5455
3.441
8.67997
2.72275
6.96874
8.32639
-0.0271726
-0.162704
6.24524
0.613965
3.06794
3.63098
6.05134
8.24494
1.54516
9.41766
-1.72356
2.90339
-0.939656
5.80249
8.1133
8.95766
3.82338
7.25838
4.51122
6.37194
9.44496
7.03543
1.51263
-0.970056
9.49852
1.30144
-0.997002
0.123612
1.10675
8.43451
5.0968
2.07785
6.14709
4.008
9.29665
0.0950951
0.649766
9.70245
0.599549
8.38872
9.34063
6.79615
2.0966
8.58661
1.7813
7.20241
7.34848
7.74236
7.15067
5.7337
6.17456
2.4034
2.48512
4.73155
4.0896
4.40337
6.95762
4.39356
2.97777
1.0473
4.76904
0.827021
8.63372
9.40122
2.42558
-0.861962
6.0257
8.2168
8.13265
2.32548
4.34446
-1.55912
9.39465
3.6947
0.248129
8.27708
3.91156
0.375606
0.637743
3.37518
7.73395
8.21259
8.4333
8.40784
7.22166
-0.397044
4.81261
3.80553
3.4391
0.622023
1.17903
7.27591
-1.81192
0.127725
4.80583
4.90719
-0.707134
1.23491
6.95968
-0.454344
-1.10872
-1.27287
2.80643
4.79112
0.105394
3.39329
7.49014
0.814969
8.61355
7.74328
4.21815
3.11352
6.09147
5.04077
-1.59422
7.90873
4.4083
6.49124
7.02773
8.42038
1.97658
9.63489
3.22657
5.90586
9.0207
1.92647
7.96342
2.10649
8.56207
3.07842
1.64566
6.59528
7.99921
-1.34751
1.33741
4.63988
-1.75037
5.14722
6.42754
8.12501
3.79604
8.0211
4.34974
-1.85239
6.22058
4.14494
-1.89107
1.66915
8.00608
-0.254179
5.3679
4.91366
8.60766
9.99772
7.66132
5.54346
6.93131
0.819756
-1.02828
-1.18645
1.03177
4.91413
8.02812
2.92379
-0.0767257
1.0844
9.36881
-1.02873
8.88583
1.45053
5.96505
8.58994
5.63171
8.96033
0.956886
6.28383
3.90174
2.41238
-0.167968
9.63316
-0.255297
2.06035
-0.889264
-1.32324
-0.716698
3.6497
5.3583
5.48637
8.38264
2.21408
3.73745
0.736741
3.9468
1.44701
2.40491
5.08965
3.23079
9.82992
9.43962
-1.56539
9.21118
4.36278
1.09284
5.39249
0.202839
-0.046372
-0.434925
5.60442
3.23492
-1.33193
-1.03532
6.39883
8.62519
-0.173697
2.75342
0.0390923
3.70888
1.58869
2.68992
6.76805
-0.865812
8.9756
-1.94593
3.0217
3.90084
6.58404
3.22834
1.84362
8.87151
4.99087
2.61273
4.88833
7.01746
2.39576
-1.2134
1.77608
2.48877
7.72727
4.243
3.31867
-0.644723
-1.84643
-1.63905
-0.446921
1.7251
5.8614
1.44616
2.29257
2.8216
4.32301
4.88486
2.65236
7.05633
9.74651
5.61447
5.49094
7.50399
-0.878509
1.887
5.3603
6.30218
5.57608
5.1983
3.28241
5.85737
3.50026
3.21664
9.06665
6.30824
6.5668
5.46487
2.22406
9.14021
5.6933
5.14524
8.67565
1.31215
-1.23723
9.96238
1.52135
-0.58065
4.88978
2.40239
1.68036
8.49917
0.44812
-1.82743
1.38985
1.51055
1.74022
3.28423
1.51185
1.68308
-1.08703
8.32629
8.50796
5.60083
-0.260492
4.8568
-0.62873
0.707137
2.46728
1.53544
6.08802
8.34111
7.30171
-1.08377
-1.98039
2.95684
1.9482
3.25871
8.10173
-1.40505
9.11968
-1.9683
8.1352
1.18634
-1.1734
2.00192
9.13801
2.62803
5.505
9.66077
5.94128
9.72309
9.26465
7.58624
2.79051
8.64248
4.87043
1.22387
2.59036
8.51809
5.46589
3.15091
4.6451
-1.0808
9.67091
-0.523514
2.38171
0.108862
8.78151
-0.868252
8.86358
7.19615
8.61046
3.15639
-0.334042
2.08661
4.16905
0.55171
9.38686
5.42441
9.09038
7.71052
3.6601
7.57608
3.53422
1.12046
9.94493
5.66487
5.21888
-0.41298
5.27923
-0.537303
0.516242
-1.70892
7.22765
6.92178
3.3588
8.63194
5.58919
4.86458
9.04113
5.52239
0.878578
4.7436
9.68599
2.10708
0.686544
3.01709
4.54071
9.65756
0.984557
6.40703
9.36586
-0.191606
9.45622
7.3547
2.29437
8.84242
9.8411
9.65057
8.01668
7.22138
7.13283
7.9155
8.27991
8.83574
4.33936
3.58769
1.89305
5.12958
2.32772
4.48232
4.97129
4.31085
6.39839
0.00635856
2.68477
4.99041
4.57917
6.57695
7.07558
-0.447354
7.67671
3.00037
4.413
5.92391
2.56777
6.09132
5.9159
-1.5401
8.43003
0.65492
6.647
4.27983
2.73044
2.48152
5.8326
1.12309
8.02319
4.33707
8.92495
-0.792148
