Uniforme_0_2pi
0.774238
6.19262
0.316248
4.03148
2.96848
5.6427
0.486173
1.6301
5.44179
4.07649
2.78496
1.49813
5.19065
0.385295
4.21831
5.03393
2.74732
5.8918
3.34099
0.267726
2.76569
2.19238
0.749929
2.85192
2.24046
0.536295
1.85978
2.44865
4.5823
1.42749
4.9672
6.22063
0.264887
6.23853
1.15644
0.632098
1.34449
0.210518
0.536533
0.285179
5.31488
5.02286
3.60974
5.78084
3.48176
1.94955
2.54906
4.29697
4.66604
1.73444
1.78501
4.55341
2.04219
0.34751
0.333266
4.00978
5.76095
2.85771
4.31882
0.85727
5.81165
0.180612
3.35812
3.30391
2.42104
5.76185
2.57678
6.05405
6.12877
5.97563
1.15339
2.15714
2.8551
6.25982
0.170257
1.16913
5.34304
0.768954
0.463573
1.17886
0.0625962
3.747
3.02839
1.05496
1.48471
4.70546
5.13058
1.56127
2.18014
1.25094
1.54839
2.54931
4.20804
1.44317
1.58546
4.56985
1.9703
4.40511
3.94286
5.59383
4.33731
6.02184
2.67544
3.25971
1.58257
3.73779
0.701437
4.74794
0.968948
5.62315
0.339656
0.170648
3.94322
1.15106
0.681258
2.69692
5.79137
1.02139
4.00799
5.48332
0.1179
1.29987
1.26119
4.31461
1.08398
1.66116
1.35067
0.157629
6.04673
1.80471
4.35798
6.05219
0.881555
5.7066
6.22504
3.68258
2.50497
0.303944
3.85781
5.68166
1.55963
0.892822
4.79066
1.39048
0.481834
0.784561
3.40084
3.58168
1.15164
1.77221
3.77391
0.792988
2.38107
1.18374
1.76513
3.48142
1.30159
3.12027
5.41552
4.60359
6.15416
1.86602
1.48338
1.46005
2.51725
0.162111
2.01821
2.74549
4.77111
1.60242
1.66122
5.62889
5.8275
5.04919
0.801685
1.43333
0.888113
0.769618
3.67344
0.691341
1.44512
0.616189
5.20122
2.53381
1.17856
0.602728
2.51782
0.52291
0.40927
2.64527
2.71635
5.03495
1.57041
2.92236
3.98212
3.73389
0.494504
5.46506
2.50312
2.18053
2.85242
2.83683
0.283173
1.87806
5.76662
2.38458
5.51284
0.0776955
5.80549
0.078556
4.55362
3.57686
0.0120027
1.70255
2.73129
5.79649
1.81555
3.39229
4.7525
2.38953
1.2363
2.02577
0.469693
5.27661
3.95278
1.6086
4.88649
5.42431
5.06181
4.52204
6.25502
0.00175286
5.36611
5.83608
6.01019
0.6826
2.03104
4.5733
1.03112
3.1997
5.43229
0.0933077
5.27126
3.56835
3.5369
3.23868
0.116996
2.24854
2.08016
1.50071
5.83929
2.72637
0.617772
3.44442
0.294141
1.83801
0.717945
1.60742
0.700822
1.13625
2.09534
2.56263
5.31565
0.772674
4.86551
0.57989
5.3669
0.087715
3.88165
4.68492
5.85129
3.66282
1.63111
5.17646
4.47017
5.54981
3.44837
4.31017
1.5445
3.13911
0.428635
0.418541
5.48971
1.72378
6.23679
4.69188
3.82155
1.40391
3.23089
1.64845
4.90763
5.74101
2.59823
0.993194
0.550761
2.56026
1.51766
0.125793
3.74865
2.78444
0.61029
1.39875
4.94126
2.16273
3.33731
0.749144
5.42729
1.41501
5.34773
0.59252
1.83386
0.890502
3.06149
2.49106
0.199023
5.54953
5.56722
3.47551
3.32
5.01531
3.7079
1.41594
2.23048
0.636581
3.60048
0.892126
4.84613
4.53121
4.1263
1.75056
5.26377
5.52326
0.173564
2.42283
2.87065
1.33161
2.44916
1.14877
2.57375
4.0794
2.10957
1.19691
5.62536
0.972358
0.0684688
5.52831
2.10957
1.27958
1.36255
4.09277
6.01901
4.18799
4.35677
5.98194
2.72586
6.28209
1.82031
3.15091
1.48783
4.9598
1.56446
2.12969
4.02979
4.43237
2.83492
3.49188
5.9982
2.73111
4.59036
5.22239
6.01894
3.20687
1.40312
4.99078
2.91823
3.70388
2.84991
0.950635
5.07074
6.1588
0.122064
5.90855
3.23006
4.32714
1.20108
1.31092
4.85259
4.77147
4.64079
6.19653
1.12282
0.997274
5.93356
3.17696
4.83382
3.62474
4.67191
1.05589
3.71392
0.0275304
6.13879
1.22138
2.2715
3.26976
0.744299
2.12782
5.92266
6.09315
5.06004
2.43297
0.993057
4.66514
0.90008
0.161966
3.58346
3.20854
1.19491
3.83159
1.2228
6.24851
3.28826
4.43757
2.48327
4.18126
0.638451
3.55855
0.51492
0.7297
2.95777
1.99578
3.9016
2.38978
0.0239352
0.7236
2.08729
2.99982
6.18504
2.64824
4.44665
1.20737
1.09261
1.55393
5.34027
0.5162
2.78722
0.834847
5.02468
2.8462
0.402277
2.8099
6.03567
2.45904
2.72359
4.91739
5.02425
3.26028
3.93694
5.82941
3.53688
4.16389
0.381444
1.64927
2.23973
0.837515
4.78987
3.67284
2.40718
1.98488
2.78392
4.79292
5.08623
1.22742
2.16463
5.0712
4.87021
4.81697
3.05232
5.68304
2.66956
4.17302
2.02332
3.79294
2.89664
0.685967
0.019007
6.2378
0.555355
4.66804
2.58751
3.87328
4.7751
2.98605
2.23095
2.40881
2.87139
4.89894
5.86779
6.27925
1.23148
3.45135
1.19643
0.952364
5.9197
4.98631
1.9054
2.14826
2.18114
6.15503
1.54161
5.23471
1.81748
2.94569
5.78598
3.36282
4.76655
4.07553
1.18929
2.64896
3.86852
3.94771
3.32154
0.114305
4.37064
1.0622
2.57855
0.939096
3.55865
3.32917
2.81339
1.36866
4.62464
4.77171
3.7432
3.51956
6.16353
6.1376
1.2907
1.27488
4.86785
5.50172
3.58616
1.73261
3.1376
3.40509
1.17429
2.468
4.18005
4.38472
3.51674
3.98459
2.84758
4.93962
1.49642
0.159692
2.60786
2.83684
1.02392
2.49059
0.624289
6.25041
2.35971
2.30959
3.15529
1.49856
1.17192
6.01931
0.697512
1.30447
4.88925
4.86973
3.02489
1.38584
6.06104
3.15774
0.532641
2.57138
2.73464
6.19402
4.19776
4.11442
4.57038
3.73623
5.98003
2.33521
5.96784
1.30302
2.49573
3.45438
1.04169
3.58788
1.57429
5.20309
2.96762
4.75175
4.73257
4.05948
2.24561
5.81961
1.38239
1.51133
0.13152
5.54673
2.5098
2.90939
1.72598
4.23637
4.95173
2.45244
5.33714
0.956277
3.47061
3.26092
4.28065
2.56815
0.0606455
2.81066
5.96332
3.69571
6.2752
2.85236
1.55854
1.11131
0.147036
1.17204
5.00605
0.964456
1.05391
4.14524
1.34375
2.6905
1.03713
0.0178585
2.43534
0.771936
4.38455
5.15559
1.74558
4.53815
0.713629
3.46006
4.1944
4.03281
0.807669
6.04477
5.22608
2.18046
3.71563
2.46263
3.05111
6.22454
5.89393
4.62259
5.34004
1.22178
0.577208
1.5828
4.36333
3.02111
1.21436
1.54899
4.08363
3.64962
5.12324
3.82458
1.26109
3.53384
0.955343
1.70522
1.65545
1.58323
3.15914
2.6871
1.38645
2.48082
4.17962
0.984919
2.13598
5.61967
4.9346
0.194471
4.8137
3.10928
0.346721
3.40575
2.73448
3.76967
3.80776
3.72923
3.51552
5.23904
5.84396
0.102405
1.99629
4.35249
0.491491
1.98296
3.19702
4.46253
4.93755
3.81471
0.276445
0.94079
4.36149
4.69113
4.45609
5.61396
5.8801
2.96798
2.45048
6.15736
5.23352
1.73624
1.08713
4.31102
2.10784
2.35232
1.88836
6.16941
3.95029
1.90871
6.19645
4.16499
4.2233
5.2157
5.01845
2.68387
0.193025
0.0747721
0.34185
2.28412
4.56488
1.42173
1.55712
0.267195
5.08149
1.42319
2.43524
1.66751
3.31297
1.20816
2.04453
2.72
0.929218
5.42845
5.58897
5.43171
4.1956
5.41188
3.22552
3.56443
4.43355
5.92271
4.2694
5.37739
4.1684
3.14342
0.573739
5.87772
2.65757
3.63626
1.64414
1.53638
1.66508
4.89289
1.17734
4.41843
0.804938
5.84741
3.20107
4.11964
4.99408
4.32933
0.544096
5.12412
0.361588
1.60309
0.915904
3.83299
4.8951
4.81373
4.00702
0.778781
3.96354
1.34363
4.68323
2.97486
2.34477
1.72529
4.61833
4.63857
2.60024
5.81845
0.831617
1.19661
1.31483
4.2745
0.188586
5.02882
0.673659
2.57324
1.74011
4.20491
2.83076
4.66397
5.51588
0.218611
5.17185
0.854023
2.66211
5.15976
1.16631
4.25271
2.80369
5.55723
3.88376
5.23524
1.9602
1.12632
4.95469
4.19903
4.17573
5.54843
2.31971
4.91188
2.02103
0.176485
4.18856
3.6036
4.22601
4.54048
1.6871
5.10478
2.16287
3.88027
5.81657
6.04958
6.16068
5.98461
1.00386
1.1441
2.51257
1.11126
1.07
1.44791
5.19165
5.26403
3.10612
4.79573
0.299883
4.5607
1.46814
3.00691
0.306134
4.74136
4.5856
5.73823
3.87806
6.24581
4.34709
5.48345
5.03996
3.13777
0.706741
4.95308
3.37362
2.45161
5.78769
3.49241
4.86448
2.23539
5.23175
0.925146
0.272072
3.12073
3.38731
2.39707
1.76466
4.66636
4.76283
1.35014
0.591843
3.92525
5.72141
2.38176
0.450136
4.17331
1.91241
5.73071
4.92995
3.48711
6.23713
6.26067
4.79924
4.55162
6.09938
3.69131
5.48381
1.49003
0.443543
3.49791
5.99293
2.41756
5.85002
0.0552979
4.4478
5.89606
3.13373
1.03753
1.19939
1.20098
1.12052
4.22109
0.889053
0.998438
3.12747
0.125379
1.93836
5.75454
4.2879
4.65847
1.66634
5.69799
1.74265
1.66395
4.82672
3.50572
1.12956
4.2877
1.106
3.47336
4.3602
5.70673
4.59871
2.82863
4.76704
1.99225
4.33957
3.56096
2.91838
2.40251
5.33788
4.09703
5.6623
4.09014
5.60817
3.19131
1.00777
2.52099
3.11657
0.245765
4.25071
3.16069
2.79111
4.13893
3.69185
0.582737
5.60389
2.13576
4.74613
2.83699
0.650009
5.2316
2.38655
2.86154
3.19564
5.04636
3.37486
0.984898
2.29887
3.64211
1.38819
5.46975
2.31743
5.36503
0.42152
1.51377
0.238533
2.56121
2.18343
5.27001
2.95088
2.85984
5.07001
0.545879
3.61759
0.665101
0.575237
5.2762
3.32833
2.78973
5.72494
5.95761
1.24312
1.4039
5.64441
1.58862
5.22857
5.04521
0.884989
4.93958
1.22785
3.76816
0.318494
3.81349
0.147552
2.12931
0.843694
4.5465
3.78341
5.33438
6.11901
6.1913
1.71871
0.609889
0.687665
4.87954
0.757725
3.24858
4.17549
3.36251
2.51373
4.16066
3.08038
0.926811
5.77805
4.34734
3.13574
1.70786
2.86964
3.0707
4.58213
0.425273
4.64527
0.427728
3.38747
4.57229
2.38243
2.36594
2.60244
2.08437
1.11946
3.62218
5.64341
3.13438
2.73373
6.21392
5.02287
5.07138
4.61033
3.86509
4.90787
0.63363
0.130812
0.00813574
3.80448
0.245664
0.43031
4.30926
1.76699
0.494634
1.63594
2.71408
0.623794
1.3177
3.32504
4.78599
2.14894
0.670653
2.88893
4.42979
0.807104
4.59515
1.76373
2.83022
5.0876
5.46779
4.37948
2.74424
4.7147
0.094595
3.80262
1.09909
5.77299
2.75147
4.00961
3.27949
1.2993
1.74254
4.67455
1.45309
1.52608
6.09952
1.64106
2.88458
0.960593
3.34369
1.2944
5.62652
1.55112
0.970253
2.49517
1.98073
2.49794
5.21051
5.302
3.40639
1.31124
0.986038
2.95653
0.805142
0.358142
2.25303
4.34806
6.13294
1.23482
3.55323
0.564599
2.83682
1.56267
5.81233
1.81513
2.45895
5.51134
3.1247
4.88445
4.80243
5.61381
3.0012
0.763988
5.89704
2.89017
2.80721
3.77623
4.93548
1.47413
3.78178
4.38811
3.35392
1.41559
0.572605
4.96412
0.988468
3.34219
3.94946
2.76974
0.756695
2.79588
4.79305
0.870656
4.49567
2.39801
5.86864
2.89005
4.90114
4.1059
2.10153
2.79215
3.86525
6.14749
2.80688
2.96274
1.71942
4.62933
6.18518
2.67422
1.28517
0.450819
5.13082
0.273257
3.33798
2.67554
1.78302
1.3428
1.18787
2.38839
3.56625
1.63388
5.39063
3.63284
1.70463
5.71916
3.21018
4.91031
3.66432
0.580527
2.74305
2.19743
2.70182
4.88176
3.5077
0.832936
0.660318
4.85201
5.85133
2.68936
5.17414
3.43256
4.53946
0.361401
0.872897
1.73649
0.145262
4.664
3.92842
2.39299
4.33874
3.62506
2.22861
5.58649
0.361322
2.57977
5.88384
5.08427
1.14951
0.23355
0.484415
1.40521
5.15485
1.83097
0.963203
0.421887
0.0359073
4.29622
1.71333
5.20725
2.32727
4.07542
5.50851
3.79095
1.97831
5.52097
1.35443
3.77414
2.08892
0.453417
1.61752
5.80653
0.0434087
2.57169
2.4476
0.134709
2.2287
2.64685
1.55124
2.03323
2.19986
1.50306
2.892
2.60737
3.33174
6.08345
5.42681
4.61491
1.82609
5.55861
3.86628
4.93047
1.83641
3.79568
5.52321
6.07772
3.1704
3.59961
2.24142
0.263823
2.79464
5.27346
3.70413
3.63111
3.34902
3.34082
5.35272
4.61748
3.06511
1.11364
2.62245
5.67701
1.17176
1.63204
2.95886
3.92673
5.78784
5.35325
0.0669308
5.08966
4.61949
1.03025
5.33534
4.45658
0.331002
5.23015
5.87368
1.58383
2.2215
1.27926
4.94119
1.59209
4.97415
3.2782
0.931757
6.10703
1.21436
4.17814
4.49912
1.1976
1.19385
0.0358644
1.40512
3.61043
6.00269
0.446845
3.42976
1.59667
1.6252
5.95568
0.178508
5.60758
4.33134
5.48266
1.21088
1.77827
4.49177
4.96815
2.09835
3.5355
4.99948
4.35582
3.01483
6.01945
3.6485
1.31905
4.80726
1.0697
1.00724
2.01696
3.06892
1.50187
1.32092
1.58572
5.31756
5.07178
3.49979
2.97113
3.96763
4.36625
0.769051
0.760661
5.19532
6.09255
4.70097
3.27581
1.00118
5.53139
0.561425
4.93531
4.17115
0.26216
5.86921
2.66974
1.98085
3.79151
2.03267
3.22485
4.65497
5.17684
5.64925
4.58033
0.292919
3.80409
3.7455
0.153319
2.25441
1.49487
3.37661
4.18966
0.658532
3.25497
0.922757
1.81942
4.04075
1.90448
0.0469142
6.09724
0.522833
0.0958967
2.24582
4.1828
3.86344
1.03018
2.01807
4.61982
5.40299
2.41839
5.25816
1.12619
2.12343
5.23114
3.38194
1.1709
4.43503
5.04428
4.32741
1.70079
4.63446
0.869228
4.79769
0.752344
5.76706
0.61251
1.27574
1.30121
1.43348
2.62506
2.23956
3.99155
2.81936
4.82622
4.27794
0.011732
6.06541
5.11023
4.52338
4.50713
4.72942
4.56389
2.04115
5.08672
2.4276
4.84662
0.434303
1.43392
6.106
6.15332
3.5747
6.07084
1.38505
2.46388
4.93973
0.331473
5.8536
5.95987
4.43362
4.40784
5.00904
0.932902
3.20391
5.02305
3.57231
3.75494
1.20284
3.92907
3.19106
3.14494
4.59454
4.88827
6.27416e-005
2.57632
5.76087
2.06463
0.746495
1.2376
0.57037
1.69188
2.49509
2.45901
4.66839
5.38755
0.0263294
1.62816
6.15777
4.70389
2.40709
2.35534
1.57512
3.21485
4.56895
0.486931
2.62915
2.80611
2.40104
3.25518
2.0844
1.696
0.188255
0.151016
5.5955
4.04511
3.10146
0.246312
3.72437
5.32948
1.88893
3.92641
3.03127
0.900921
1.84477
1.65349
3.77865
4.76955
3.38152
6.03157
4.08866
4.54506
1.3844
5.20918
3.1106
0.543434
2.57386
5.21181
0.14319
2.57406
0.41015
4.14492
0.875289
4.95847
4.98075
4.2973
2.59444
0.0289431
6.0409
5.168
4.52562
2.13176
6.22092
0.0593909
2.2053
2.70023
0.901878
1.48433
1.60468
0.463548
0.856739
2.23204
2.37815
0.866613
2.19995
3.99367
1.37459
4.0304
3.18678
1.25254
2.26202
1.6717
3.09063
4.07419
2.29213
3.27404
3.62697
4.33817
2.69394
0.199346
3.2341
3.05281
1.78211
4.08663
1.86282
5.67175
0.407607
0.300174
0.746569
1.09793
4.92637
5.95936
2.06633
5.91611
2.20953
1.37259
2.5671
5.48898
3.05895
0.491958
2.39057
3.06136
5.79639
5.87486
0.805726
2.41514
2.09671
2.15473
2.5625
3.31595
2.62918
4.58477
6.1275
6.27676
2.03665
2.75641
3.94684
4.2405
1.11231
3.49867
2.12391
1.65273
2.12264
2.52418
0.360914
5.57607
0.815919
0.921872
3.64598
2.8962
4.03318
4.92122
6.18367
2.89346
2.64071
0.216215
2.53628
2.57638
6.26248
1.59193
4.94042
1.45808
1.44795
4.6421
4.26915
4.15373
3.65317
4.07993
0.23093
1.11964
1.71395
6.22155
0.848398
2.57227
5.81606
3.7222
5.92345
4.98757
2.90648
0.539843
5.32741
0.369312
4.04635
0.952639
3.08393
0.543308
0.010454
2.13424
4.32581
1.97193
0.396867
0.799308
4.07989
5.0595
0.487357
4.25803
5.44201
4.26793
4.92583
3.99502
2.93002
4.40217
5.01722
6.02799
6.06512
0.564931
5.45584
2.81479
4.22131
0.0329007
2.34652
5.58965
1.05751
4.17406
0.66215
0.91812
3.28362
6.05783
4.07212
4.16399
6.05147
2.04345
3.75926
5.72003
1.67834
2.53795
5.05463
0.150556
3.92447
3.16614
0.216964
1.25273
4.4966
3.44647
2.19644
5.46803
6.17233
0.620199
0.340046
1.87068
4.14194
4.78068
1.83731
0.910747
1.91865
6.15276
2.83803
2.38049
3.03122
1.01901
2.14248
1.86291
0.622577
2.60942
5.09426
0.241492
5.56969
2.54929
3.22744
5.52739
6.18472
1.81072
6.14918
5.33544
5.85175
1.32136
0.286747
5.54921
0.465444
3.70082
0.740967
5.01885
2.28893
4.83591
1.64069
6.08286
5.74984
5.41449
5.16498
1.98441
0.233485
0.106906
1.64014
1.5028
3.35283
5.62387
2.81174
5.84358
0.712974
4.11191
0.0135992
4.08326
2.72495
4.82824
0.118786
2.06652
3.7892
3.33763
4.33838
4.41512
6.04098
4.07268
2.0118
5.34431
0.407864
5.46689
5.15621
0.818336
1.31038
6.01849
4.82328
5.56152
1.96362
2.39318
1.40563
5.03418
1.32177
3.84943
4.9524
1.56715
0.605907
2.98984
3.95732
5.69732
5.20507
4.85902
3.16384
2.84643
3.7718
0.838336
4.73259
2.81327
4.1449
4.6576
3.27423
5.1034
2.83995
2.26456
5.863
1.90756
4.34215
4.8346
4.04778
6.22483
4.18007
5.05471
6.05951
5.65734
3.62688
4.2622
4.14581
4.98801
0.613264
1.67119
1.76014
2.41892
1.76578
1.87014
5.41982
0.897562
1.6419
3.63992
5.06078
5.29793
2.56629
2.27187
2.82605
2.15679
2.04334
2.27765
3.23336
2.38402
0.439837
3.38274
3.66316
0.945303
5.01393
4.62749
0.868329
4.32973
0.213091
3.10291
2.75711
0.168108
2.93286
3.73308
2.41199
5.79398
1.01665
1.19741
0.298327
3.09889
4.04294
4.04462
1.51482
0.621609
3.86819
4.81474
4.41472
2.68996
5.92232
5.29727
4.25097
1.98823
6.02662
1.27581
2.878
2.84756
2.70924
1.46734
0.485336
3.46797
2.72507
3.27398
3.3586
1.40998
4.69347
5.65862
4.88879
0.346906
3.05791
0.798929
5.76849
2.00689
4.12057
3.59858
0.394779
1.14692
1.86638
6.15951
0.255554
2.39688
2.55892
3.94123
2.68046
5.25456
0.841634
4.32868
3.68512
4.70667
0.925985
0.313143
1.42491
0.448687
4.07319
6.18066
2.64962
5.64851
4.69371
3.58822
1.66252
5.20346
5.43548
5.90232
6.05136
1.66654
3.2338
2.36831
4.08169
2.22542
0.410613
2.84422
1.87304
0.44423
0.0871062
5.25644
5.24631
0.0704508
2.33315
2.68902
0.599002
3.28246
1.49324
1.79324
5.22227
5.6515
0.613729
4.48286
3.63234
3.92545
5.76909
2.11135
4.79567
6.1628
1.02975
2.78134
0.0411661
0.0564858
0.949734
5.46234
0.747817
2.40432
4.01084
6.0973
1.17634
0.225967
0.84289
0.261938
0.362162
5.06613
4.1912
1.73408
3.48399
5.96406
1.14233
1.94001
2.14181
2.80949
5.49125
6.17889
5.17269
0.292807
3.80173
2.49531
3.92557
5.74478
2.51529
0.486535
0.202938
5.42712
2.79263
5.92254
4.22264
5.89555
1.42472
0.884488
0.709232
4.03857
1.20194
2.32709
0.362711
2.49154
1.22613
5.49236
0.732336
3.2778
2.78059
1.59521
6.0746
3.96873
0.892098
0.438316
0.389264
3.55674
5.72771
1.70889
1.62066
2.29068
1.85868
4.67547
0.534852
1.0293
4.28443
2.11047
0.53217
3.61635
3.26054
1.10666
0.096246
2.66715
5.7166
3.46741
1.19279
4.07444
0.887957
3.1146
2.75577
4.7398
2.98932
4.08754
2.62378
3.4602
0.399692
3.78842
0.0281807
4.40626
4.80556
5.30557
0.778467
5.40334
5.81013
0.649168
4.23242
3.76063
1.24119
2.07579
2.76511
2.27953
5.46874
4.77079
0.727642
4.5909
3.18106
1.38258
0.847584
5.85966
4.51486
1.645
2.10878
5.60072
4.20626
0.484357
5.41983
6.10516
0.26205
5.45505
3.37143
4.61961
3.27398
4.03429
2.40914
5.39716
6.20407
1.40053
4.37828
5.6389
1.70638
3.14712
5.58895
6.14618
3.45496
2.02728
1.02073
4.60802
5.38059
0.996767
5.17339
5.15988
0.476901
1.58411
3.82989
5.78649
2.30667
0.79125
2.82353
3.95792
5.96579
3.8969
3.48441
0.720898
3.76846
3.35238
2.08846
3.4944
5.57909
0.875693
4.03841
3.20323
1.94939
1.23603
4.57231
0.856255
4.67776
1.08918
5.42055
3.17367
3.20537
0.792124
5.26276
6.06704
6.16319
4.39024
5.1472
3.18714
3.67122
0.689125
5.32865
1.19599
6.24113
0.00444463
4.40736
3.18784
4.96825
5.82417
2.69912
5.53408
5.46875
5.27565
5.2594
4.31173
2.82508
5.91684
2.94114
2.33966
4.49303
4.86585
4.55274
2.06926
3.40811
3.53295
3.6948
3.66462
3.52116
1.07104
2.66804
6.03286
3.15043
1.17632
4.27063
2.62231
4.33579
1.11349
1.66636
2.82064
1.80269
3.03222
5.27143
2.50114
2.87176
1.61401
6.11888
1.96499
3.02207
1.77212
3.56743
3.52504
4.00079
1.80646
0.934332
5.46446
1.70028
5.1657
4.45385
0.141578
1.6501
6.05893
4.77162
4.84514
4.73751
3.58377
5.16419
4.89156
1.20062
4.44118
3.25548
3.59384
1.51668
1.92973
5.74846
4.4924
1.51957
1.83433
0.481119
5.53371
2.19073
5.18362
0.944932
2.16491
5.49751
4.35916
6.13893
1.44995
1.92361
2.76356
0.754914
2.13556
4.58646
0.759132
3.7038
2.5632
1.39743
0.790897
1.17359
0.447228
1.59986
1.97311
3.34467
4.92468
0.141856
0.935769
4.55466
1.18835
4.51623
6.24781
6.18494
2.45652
4.07432
5.99485
1.32082
0.453108
1.25422
5.68891
4.23238
3.5507
5.50544
3.8797
5.76485
1.54417
4.36989
3.12395
6.07342
3.19439
1.65711
6.14851
0.441284
2.55408
5.68424
1.51406
5.86318
2.48453
3.17797
3.93952
6.00761
0.890857
1.61977
5.32731
0.0362856
0.997861
4.80962
1.62169
0.641797
0.697961
4.47083
3.64115
5.31867
3.34187
1.06767
4.84407
2.38508
5.97055
2.91325
0.11984
0.248133
5.90191
6.04661
2.67269
2.1924
6.24921
5.26363
3.77024
2.06717
1.32367
5.00771
0.188773
1.76789
5.79585
1.2666
4.3583
0.185447
2.94512
4.58568
5.70241
6.10765
0.578994
4.48846
1.24116
3.98048
5.23424
3.75661
4.17425
4.428
5.88103
2.6333
3.00015
1.77729
4.05964
2.19931
5.10101
5.53873
1.85095
0.763753
3.21796
2.75652
1.69856
3.57295
6.03908
5.97938
0.320448
2.85217
5.50707
0.938896
5.80966
1.96331
0.389472
1.26298
3.3277
2.81487
3.52191
4.96049
3.91722
6.24901
3.96994
5.68647
0.848527
5.70864
5.73031
3.50194
4.4309
4.71269
1.75094
1.08315
5.58434
2.79412
3.26483
1.31458
5.18022
1.05705
2.52309
1.92529
4.22091
0.97963
4.97028
2.19125
4.88542
0.49608
2.44239
5.79689
4.06849
4.56876
6.15721
4.76131
1.02175
6.21613
2.65188
5.27843
1.52348
1.38278
1.67877
3.68447
5.036
5.70475
2.98331
4.78154
1.59821
6.1641
0.623053
4.7906
3.18511
5.86632
1.2914
4.72155
0.708857
3.62294
4.40771
1.75406
6.24945
3.90751
0.0567904
5.53342
3.29701
2.34044
3.76331
1.72839
1.11367
3.62006
4.76018
5.23858
6.13983
2.07775
1.51058
4.36012
2.66149
5.90447
3.72261
4.88479
2.15766
1.04192
5.289
5.27382
6.13757
5.23702
3.89056
1.05167
0.966456
2.54389
2.68927
0.0742338
0.646871
1.18364
2.92591
5.10168
0.82083
2.36939
5.40526
1.44714
4.91765
5.08568
1.15281
2.5721
3.86084
2.29529
0.585367
1.2679
5.53734
0.786427
0.731084
2.52981
3.3837
0.257593
3.46386
5.8886
1.48206
1.57924
1.96864
0.715461
4.70862
5.17114
4.29852
2.44205
5.79531
5.31097
4.34435
5.62866
2.48068
2.36133
3.51862
2.59393
6.23691
0.925572
3.65731
1.06921
2.87337
5.18719
3.02769
5.07355
4.37879
2.62776
5.11056
3.14864
5.93719
2.91747
0.343524
0.960418
3.77135
6.02214
0.949462
6.27786
0.644024
0.826723
0.08465
0.824082
0.0805289
4.94195
5.41759
0.321055
2.66475
2.64407
5.78275
5.02497
0.924454
5.34069
0.259517
4.84835
5.81008
4.94885
3.98698
1.27356
3.17336
2.44237
0.0403483
3.69307
4.10158
1.30231
4.24648
1.5168
0.991202
3.30764
2.83299
4.81676
2.49429
2.71186
3.86116
0.97278
3.71362
0.922152
2.04278
5.93577
6.02324
1.33988
0.506997
1.22107
0.999278
5.55387
4.31932
3.1648
3.65331
5.56246
2.96535
2.01582
3.54263
0.863097
5.11365
5.49021
5.51167
5.30922
0.181494
0.664072
4.59203
3.38303
3.0205
4.04172
2.50062
0.832485
5.43893
1.72488
2.53204
0.960486
5.04964
5.194
2.68049
4.58926
4.30573
5.37511
5.39162
2.48433
5.09852
0.521889
1.67414
0.315199
1.93195
4.60342
0.911513
1.68493
2.57116
5.55505
1.93542
2.6246
3.64146
1.38574
2.17273
5.46475
5.83906
5.14841
1.74903
0.0090715
5.57251
1.33279
4.63748
2.26032
1.48724
1.81287
2.93838
5.265
2.70425
0.721867
5.8465
4.85608
6.00648
2.54379
0.487894
5.64808
1.71764
4.20622
1.8002
1.59601
0.844537
3.52675
3.88655
1.09546
5.71128
3.37578
0.623745
1.74884
3.01406
2.22744
1.31531
1.10789
3.2606
1.23241
0.607448
2.12383
2.43744
4.98026
5.58364
4.19415
3.67003
1.44473
3.25779
3.25359
5.7122
1.07817
3.82477
0.376222
3.79364
1.67122
2.5073
1.98904
5.53371
0.750066
2.46081
2.06754
1.90993
4.80598
3.73894
4.86633
0.109483
0.435195
3.07865
0.133848
1.84148
5.14753
4.09388
0.551078
0.410164
3.04399
4.67321
3.84999
3.23452
0.785349
3.51194
5.73758
0.368175
5.00374
2.70922
0.802643
3.18905
4.81473
5.31306
2.36163
0.497257
4.78791
0.191332
0.404638
1.52816
1.01739
3.41998
0.422777
1.17161
1.10649
0.551901
1.69877
5.47289
0.509886
6.04689
2.0902
5.43197
3.44818
4.10378
2.76148
5.75192
4.88434
0.423815
0.538146
1.18247
5.10304
3.85927
3.45358
5.13641
1.99994
2.9773
2.9035
1.32558
0.944738
6.18684
2.8765
4.71646
2.27559
2.98755
1.69866
1.66195
5.87396
5.17103
0.967293
4.69581
6.00557
1.97464
1.55671
1.86162
1.83415
0.578313
1.92649
1.8873
3.15719
2.22782
1.72942
4.69794
1.93144
1.0168
4.91185
2.54919
5.57161
5.62357
5.64394
4.27399
5.7795
5.85331
2.55257
0.594474
6.11098
4.68542
1.35184
1.10809
0.712421
0.0968763
2.29149
3.72574
2.65088
1.35912
2.69824
3.79324
5.98255
0.912592
0.543152
5.93077
4.28637
0.545737
2.44965
3.09254
5.09646
0.0988332
5.56379
4.21057
2.22446
1.37333
0.0575987
4.91396
3.27391
4.16052
0.898344
1.85837
3.15677
2.52839
3.42846
0.648216
4.42488
0.287044
3.0889
1.82866
4.2485
1.54454
1.46613
1.35445
3.23273
5.56872
4.03601
0.583739
0.308196
5.61746
3.02259
2.39211
5.18582
0.275833
2.28097
5.63168
0.127335
5.03076
5.04953
5.02498
3.93192
4.5074
6.04878
4.76121
1.20173
5.89089
2.48148
3.56899
3.16104
1.50129
1.29476
4.21544
4.45609
0.467439
1.36766
2.46699
0.222353
0.509155
6.02691
1.15431
0.605972
5.12503
5.05899
4.58182
0.932114
3.86572
3.03576
0.775557
2.14228
0.921066
0.19033
0.817697
2.76823
1.81013
4.45747
0.298068
0.46013
1.65686
0.74988
5.45653
0.536686
6.03309
3.23762
5.95052
1.84083
3.39268
4.70676
5.20228
0.719396
2.51374
2.43474
1.8068
4.96185
3.60012
3.70772
5.88542
3.22627
0.517904
6.05388
4.85474
4.25772
3.8274
0.549646
2.93899
1.69801
1.13438
2.43973
4.40454
0.625091
4.21717
0.20658
3.79488
0.704272
4.33347
3.12896
2.81679
0.0731467
5.79055
2.12076
0.667313
2.75509
5.25207
1.64945
3.1154
1.6621
0.253664
4.74849
5.00271
5.74654
2.98798
0.804872
1.2376
1.76833
3.60006
1.31394
0.796025
1.5079
5.33741
1.68129
4.94832
0.941759
1.7941
0.45503
0.193425
5.6072
1.82755
5.30007
3.49585
3.66294
3.8495
2.76999
5.78231
4.2759
1.58867
0.0468375
2.00197
1.3007
3.73431
5.21371
2.75139
5.00221
1.63083
1.34543
4.91546
2.46715
2.53603
4.5749
5.14153
3.94289
1.54632
3.3297
2.43252
5.18262
1.78171
5.40374
4.79285
5.98538
6.16843
1.32881
3.64276
4.6516
0.138063
2.77944
5.37264
0.572999
0.122377
3.48265
4.13793
5.65206
1.90086
3.13265
2.54041
6.24344
4.03913
0.12116
4.03077
6.06643
0.451236
4.7143
3.28667
3.09762
4.83172
0.262527
1.4463
1.40926
0.554307
5.39761
1.6867
1.71385
5.75801
5.36327
3.26029
1.3142
4.37151
2.33279
3.10738
4.36428
0.443338
5.08137
1.8194
1.82493
5.30766
5.53461
2.08022
3.89317
4.90468
0.548274
5.95202
3.50206
3.39514
3.10241
4.37544
3.30694
4.10249
0.218945
5.73867
4.03299
0.325341
6.16691
4.9329
2.66848
4.27932
1.56808
0.401743
2.25934
2.74621
1.27989
5.11732
0.584694
2.32515
0.447078
5.62648
5.35898
0.137963
3.54714
5.06288
1.24956
2.20694
4.56204
6.25256
1.22362
2.18953
4.16168
1.42509
0.808502
2.94634
6.15636
0.947802
1.82721
5.19179
1.35337
1.291
6.00934
3.31099
1.88992
2.8738
5.85379
0.0896462
5.25271
1.16842
3.76359
2.5945
5.521
4.22568
5.76464
5.67829
3.84368
0.370835
1.08842
2.85164
4.10754
0.447762
5.72311
2.56754
1.46873
2.92241
1.35216
4.33225
4.64048
4.03034
2.45081
5.13182
4.83344
4.12465
4.18009
1.72961
2.75622
3.21268
5.83861
4.58473
2.31291
0.860131
3.33927
5.81109
0.775065
6.06062
2.16445
0.894862
1.6
1.94708
4.51471
0.707647
1.65369
2.23927
6.16659
2.90537
0.907784
1.55143
3.61636
4.0866
3.22122
5.86726
4.74239
3.56986
1.55733
1.06489
3.60939
2.76894
0.0461508
2.7036
5.36616
1.74693
1.231
1.66609
4.2638
6.25206
4.10404
0.318982
2.98549
6.12097
2.05698
4.12423
1.95005
1.92344
0.77108
0.555159
2.78795
4.2291
5.70415
1.49551
2.29859
0.353411
4.88462
0.406354
2.16943
4.09774
6.22236
1.80542
2.95511
0.135621
1.23594
4.60437
5.43392
2.94407
4.47576
5.53224
5.18908
2.29379
1.03102
0.771902
0.291317
6.17549
0.310236
5.1666
0.318938
5.24354
5.72898
4.86317
3.01398
3.01612
3.39541
3.29039
1.76532
5.98802
4.21889
4.33126
3.45568
2.98154
0.660314
0.405208
3.70264
1.91918
1.13573
5.38115
6.0658
2.64587
1.896
4.93867
0.745337
6.07982
5.05866
4.55204
1.84099
1.20224
5.70885
3.34991
6.14227
3.29343
5.99193
5.3826
4.19506
2.58401
3.45527
4.26423
4.04568
6.22477
3.28406
3.85655
5.40962
5.85968
5.80719
3.49445
3.41144
1.98647
4.59299
1.40754
4.05208
4.03795
5.44197
5.41446
4.12197
5.9369
5.90534
5.13583
1.54741
4.12663
2.02967
3.87365
2.59488
5.19834
0.142492
2.41767
2.55151
5.3965
1.54693
0.461107
3.48557
2.73483
2.40003
4.45459
0.647887
4.463
0.0374827
0.378067
4.56361
5.75256
1.29445
3.76683
2.83645
0.0262497
4.13726
4.51843
1.82612
1.52301
0.526104
4.99345
0.924407
3.45309
5.72589
0.464093
0.119857
3.14229
2.97954
2.77235
5.77722
3.9637
5.36582
1.07892
5.94329
2.88055
1.22856
6.24839
4.18292
3.11823
3.21717
4.74965
5.85066
2.27947
2.54455
0.580872
4.64231
5.22688
1.47589
1.93705
3.94144
0.176165
1.596
3.45119
2.06501
4.30958
0.133867
3.96669
1.27902
3.52288
2.99141
3.90639
2.58913
1.92539
4.17939
4.75284
0.272522
2.56647
3.45397
4.33781
0.503005
5.94471
4.74538
2.7773
1.20615
2.89203
0.799906
0.0320677
0.322462
1.51152
0.816304
1.47862
3.36983
0.110835
1.63746
6.05807
4.92408
4.63213
3.78965
4.32391
5.77896
2.45909
4.64977
4.24787
1.03132
1.71763
1.46111
6.09715
6.04113
3.14036
5.06521
2.02308
0.519723
3.78991
2.38648
1.00763
1.42227
4.1264
2.33291
1.54783
2.35761
3.05048
2.61835
5.73016
2.58729
5.59957
2.76509
5.22611
3.99109
0.968445
2.75742
2.55695
0.277391
6.03616
2.45729
4.27492
2.33861
2.29627
1.04814
4.10546
2.1946
2.20737
5.12347
5.7001
1.15742
2.2796
2.39878
0.704232
1.30105
2.34991
2.68173
2.78546
0.0610173
2.98247
1.94863
4.60264
0.540497
2.08366
2.90747
0.457449
5.88563
5.77503
1.67827
1.99928
0.21783
6.236
5.26573
0.850588
5.03361
4.86677
4.29675
5.41683
3.02541
1.07176
2.43909
0.659885
3.29654
0.766842
1.80033
5.13208
1.39294
2.78196
5.33846
2.45611
2.16131
4.80246
1.97393
1.0727
1.1794
0.69165
3.80464
3.91602
5.45766
1.56757
2.73058
5.43506
1.40821
0.889475
2.82594
3.0713
3.11958
4.90993
2.2919
3.20538
1.50752
4.76987
4.2843
3.68896
4.68666
1.30573
4.48315
6.1186
0.185979
1.79398
1.4295
1.66627
3.66286
5.32181
4.2942
0.631385
5.2354
3.61296
1.08853
0.250201
6.04765
2.05114
6.21901
1.88628
4.00496
2.88633
3.07521
3.17441
3.84352
2.06568
0.0235462
0.842544
3.3626
0.205691
2.84304
4.30631
3.45443
2.04969
0.851118
1.10805
5.67965
2.6591
4.25632
6.09459
2.5244
5.32829
5.89338
2.09606
0.757015
6.07339
4.1304
5.87789
3.31079
5.53486
1.2424
1.86628
1.07986
5.64169
3.23406
0.0124573
2.5581
5.7055
2.6658
5.46846
1.58725
1.83849
6.05604
6.01581
3.01402
4.85322
1.74793
6.11635
5.54122
4.65839
3.30134
5.49811
1.32279
3.41612
1.82368
2.8646
4.67939
2.44328
0.728105
3.67665
1.12152
1.36141
6.18815
3.00398
5.30218
0.903817
3.16977
3.50349
5.78753
4.52348
0.467879
3.17491
0.522166
5.30674
2.30851
1.89301
2.41427
2.26791
4.34299
3.90546
4.61624
3.3524
5.34902
1.65581
0.610631
4.95847
3.85467
0.453159
2.85127
2.70846
2.22637
3.95069
2.67049
2.18581
5.134
4.42578
1.17342
0.380413
6.25909
5.60853
4.39615
0.636776
4.58376
5.34942
4.05932
2.64904
3.15304
5.95567
4.11119
5.03874
3.23814
5.5551
2.22252
1.67088
3.93273
2.76981
0.626495
5.08419
2.92561
2.96329
2.98934
0.365202
4.70463
5.04411
0.00956878
2.29107
2.82835
2.44174
4.77373
0.57147
6.22398
4.20975
4.82028
2.18306
0.784563
3.01835
5.86145
2.06479
5.05904
1.68401
5.64016
3.03527
4.10882
2.85183
2.2884
2.00387
2.90142
3.37072
6.20787
2.80703
3.54163
5.81886
1.64787
5.15593
2.96518
1.06278
5.94416
5.2984
1.45475
2.64522
5.57405
2.32587
2.59267
2.18693
5.62541
3.5835
4.86707
4.38161
5.43433
0.387371
2.14915
4.68939
0.816817
1.29922
3.71991
4.19387
0.311896
0.32905
2.62276
2.43168
4.95239
4.10192
1.08013
4.33719
1.97919
4.64457
4.37576
1.67514
1.03219
3.75849
2.6769
4.43236
6.00263
1.19939
0.448119
3.09402
1.42221
2.24297
0.485112
0.575507
2.10468
4.15344
2.24891
1.87366
5.01799
4.78813
5.71579
0.668711
3.99533
1.22237
4.04535
4.07487
0.995029
0.494677
4.52704
0.816978
6.11153
3.19813
3.97069
2.41465
4.31469
2.97647
1.94821
0.176634
0.249899
1.20141
1.00627
2.66947
0.119172
0.543052
4.85283
1.65634
6.13311
4.25066
3.43464
2.91407
4.15772
3.63228
0.705408
5.10179
2.89943
3.05732
1.4059
5.37803
4.82007
0.0566985
1.88211
1.67908
2.39127
2.20896
1.12245
0.500293
0.576602
3.37999
0.899452
4.41278
4.34398
4.72934
3.2911
1.57913
4.38092
5.68293
2.1262
5.8957
5.3896
2.6484
3.48085
4.96388
4.87916
1.50013
3.82485
0.618841
6.12333
0.736653
0.592277
5.00498
0.572316
1.30769
3.66029
2.35971
0.410595
5.42573
5.33561
2.23256
3.55125
3.20929
1.01474
1.68901
3.0193
2.65868
0.860291
4.18978
5.2768
3.88735
5.27883
4.45741
2.52171
0.52348
3.6858
6.0266
1.14814
3.38636
5.47726
2.69429
0.61274
0.0397525
4.4107
0.035374
5.38607
4.73207
3.64036
4.20691
3.12808
0.263126
2.16383
3.20525
0.6059
3.60027
5.59656
1.67494
4.23071
4.78776
5.05612
3.31903
5.75048
2.77853
3.57754
5.42975
5.65007
0.38004
4.77337
6.14429
0.380285
0.117701
6.26269
2.33119
2.55908
2.99945
1.51838
1.78506
4.71529
1.33195
0.489339
2.045
1.4246
0.89027
3.93373
4.06261
4.80108
0.352323
1.09327
5.58741
0.949004
4.16571
1.38903
1.04529
2.35481
5.6486
3.78226
1.48671
2.83461
1.08584
5.73975
0.0394088
4.59695
0.912635
2.24424
0.570442
2.91815
5.99848
0.729546
0.453408
5.35025
1.90575
0.209617
5.21377
4.51754
5.53844
0.699776
3.83536
3.53049
4.31173
3.84182
0.611184
5.3102
3.80648
2.49929
0.957171
3.60016
3.30346
0.505987
4.32742
2.02047
2.7299
5.01723
0.33366
6.07489
1.01945
0.896653
4.0405
5.36748
3.26682
2.06381
3.11172
4.92986
2.89682
5.22493
4.89707
0.0129845
3.59916
3.5578
2.69263
5.79532
3.21997
1.7278
2.688
1.73712
1.70851
4.9404
1.07732
2.96161
5.46315
0.0842824
5.15771
0.61651
2.61529
4.64743
5.56535
5.33509
5.43042
6.07075
0.682776
5.38661
4.69226
1.14951
3.02936
4.68148
2.80729
2.97279
5.95976
2.40704
5.67157
6.1857
5.81158
0.717323
0.154633
3.28533
0.969027
1.59356
2.74718
0.566085
1.64645
2.22366
4.51128
4.17193
5.65447
3.94321
2.68498
3.35105
4.45055
6.1651
3.47625
0.168308
2.73803
2.39458
4.7047
4.06495
5.09622
1.51624
3.13148
0.0641737
0.81627
0.245124
1.9227
0.907169
5.47423
2.06022
0.918704
5.19004
5.03957
5.08892
0.864338
4.26002
3.12228
3.14874
5.68381
5.6913
5.81924
1.04127
2.26279
0.143921
4.70887
5.58065
0.366624
5.67
0.643699
0.784825
3.57955
2.78578
1.69018
3.84984
2.81433
2.02252
5.81824
0.321632
0.954601
0.56069
2.64597
5.19943
1.84437
0.390616
2.73347
5.19703
0.00706599
3.387
5.67721
3.30494
5.26834
2.93664
5.09305
4.61672
3.53868
6.28167
0.448501
5.01538
0.55263
2.13055
4.45691
0.186189
2.09475
0.15379
1.53727
3.53908
2.58057
3.93591
4.43316
0.981776
2.27512
4.32571
5.50348
4.47462
5.60474
4.42879
4.70887
1.379
5.05086
2.17921
5.14905
0.117893
1.73173
1.45143
5.35219
1.78147
5.10337
5.56163
2.12581
2.69108
2.84897
5.59498
2.96262
1.22411
2.79801
1.32253
3.10139
5.18992
4.41507
4.2786
3.01239
4.06017
5.60961
5.92344
2.66638
2.66553
1.49329
0.1282
4.59304
0.428584
2.60208
1.26884
3.94454
5.56796
4.10307
0.383767
0.0202631
4.3152
1.79489
4.75303
0.769472
5.14676
0.948238
5.17234
5.13924
1.03124
4.41875
4.70876
3.71391
0.678071
5.77907
3.29036
0.959513
5.76211
2.64086
3.42823
6.27369
2.54912
2.25851
4.75583
1.5615
0.616334
1.79032
6.03367
3.38239
4.37319
2.21895
1.88946
5.15266
1.03671
2.78376
6.27967
2.49793
4.22594
3.88056
2.59943
3.88063
4.78645
0.904233
2.84253
0.958219
3.01719
5.84373
0.332245
2.11906
3.13735
2.99823
4.58783
0.749799
1.59052
4.97438
4.17556
4.64742
0.389718
0.241294
0.888499
1.03051
0.636717
1.06257
2.95825
4.98449
1.45225
3.21735
1.74333
3.17172
4.68367
3.66152
1.54883
1.80854
4.38074
3.91462
0.0863207
2.32154
4.58947
1.30167
2.68476
0.727764
5.74449
3.35107
2.27139
2.81833
2.67314
4.47386
2.48424
4.12574
1.78945
1.22368
5.09896
5.17279
0.625833
0.567029
4.92152
5.3878
5.64629
1.82779
4.43313
0.8876
2.08039
6.13081
5.65417
3.45846
2.28678
2.22471
2.22926
6.0314
1.77518
0.225855
0.275503
0.620039
4.7013
6.27733
6.25672
3.02722
1.77555
0.629581
5.68548
3.82395
2.23374
3.72595
4.76137
3.37166
1.26217
3.44474
4.32451
5.48505
2.24086
5.35181
4.351
5.34516
5.37545
2.80946
4.07389
4.31945
1.7263
2.43414
4.90711
1.02057
4.056
1.87392
2.52083
0.588381
1.98219
1.23345
1.53569
5.71014
2.60348
1.6308
2.38528
0.726639
2.2615
1.91655
1.847
2.72295
3.33694
1.83393
5.72276
3.42021
5.15936
4.62491
5.9804
1.33309
1.40956
2.41823
2.35146
4.36486
5.42554
1.56446
4.58953
1.18206
2.89968
4.89934
2.00532
4.94839
6.09786
5.50046
4.40009
5.59258
1.70377
6.05018
4.44616
5.18567
2.7326
3.96502
4.27509
4.15099
1.55966
3.55354
5.52262
0.200229
5.99036
3.77572
4.61776
1.5739
0.218274
3.49637
2.77457
3.65005
4.97966
1.94508
4.72776
2.06691
5.75179
0.463375
3.64173
5.97929
3.71598
3.21707
6.11831
2.96463
5.06856
1.13336
0.269244
1.94
4.70326
4.12996
1.0923
0.387069
4.98532
2.34229
5.00638
3.99529
0.354158
3.68771
3.56943
1.59686
5.32427
5.78813
5.46631
0.41804
4.8907
2.49525
4.70875
2.83185
3.67257
3.70771
4.01727
5.31195
2.02059
2.45494
6.16159
4.0031
2.57092
0.807873
0.555507
4.27805
2.40888
4.85449
5.6513
6.06024
1.66502
2.08597
4.58217
3.95328
5.48711
4.42425
2.28041
3.48102
0.8436
2.05324
5.81917
2.4016
1.43874
2.39232
4.98947
5.73316
2.67149
3.29059
3.64408
4.60561
4.77473
5.19824
6.11138
1.77047
2.41612
4.49442
1.75387
4.34533
4.1845
2.86053
4.60956
4.09087
3.76133
5.95372
4.94973
5.941
1.49997
1.25941
3.58241
2.81335
2.47396
5.82545
1.01465
2.84297
6.1889
3.53941
2.41326
5.20647
1.58833
3.903
5.63683
3.38623
1.03756
3.51091
3.76307
2.0131
2.41628
5.38088
0.251594
3.85386
3.91098
4.80757
5.60268
2.91427
4.04557
4.31415
6.11853
3.04011
5.63868
5.62334
2.65823
3.70662
3.78272
4.62487
1.25291
5.37889
2.97518
4.57622
6.0404
5.20985
0.975322
4.51873
2.32808
4.83514
2.04106
0.879661
0.603741
1.32371
0.92273
0.661777
6.16332
0.899527
5.85488
1.78603
4.51581
0.325147
1.9974
0.113357
4.72028
3.43786
1.84892
6.20108
5.35662
3.46795
1.13292
5.72467
6.0895
1.69522
0.876536
5.54661
5.32992
0.419325
1.15401
1.73098
4.68314
3.885
4.70545
2.93991
0.0401487
0.0193544
5.37455
5.2213
3.20971
3.79107
3.7688
2.14674
0.752024
2.7574
3.44867
1.24493
6.26149
2.45121
3.77328
4.16155
0.106367
2.62746
0.105605
3.05034
3.06281
1.31237
2.28742
1.30917
3.20557
4.41647
1.51979
0.197323
3.21563
0.76366
5.87784
1.72566
6.18275
0.617519
4.33029
5.05021
3.71709
3.47942
1.36274
3.87677
2.54411
0.68586
1.72496
3.85421
3.89251
1.42299
5.92299
0.470036
1.9028
2.97244
2.11895
3.91188
1.13914
3.9029
0.530513
1.64295
1.33785
4.77814
1.51455
2.15935
1.72218
0.092904
1.99363
2.96939
1.51706
3.77392
1.56835
2.2848
1.10755
3.72661
1.9506
6.09434
4.60161
0.722044
5.95851
3.69783
0.909857
0.0393492
3.21858
3.34313
5.28165
4.44415
4.80325
5.37796
0.692624
1.27848
3.95842
0.610757
5.43637
3.02553
0.638286
4.27656
3.0102
4.43719
2.20893
3.78
0.995923
4.85255
0.731584
1.06999
5.83495
0.407083
2.33336
0.908254
0.922243
0.361059
3.1473
6.00212
0.428624
4.50444
5.26446
5.21338
4.58049
5.63962
1.60531
3.2955
1.11107
3.95109
4.37032
2.638
4.47472
1.09921
3.13938
5.1355
4.05088
6.02236
5.09455
3.95656
3.55366
1.34186
2.50621
3.01241
0.868241
0.507801
1.8743
0.176596
4.78394
3.83257
4.32022
1.92821
4.80191
3.49584
4.02822
4.939
1.46822
2.54737
0.536972
0.571942
4.13825
1.34173
2.22825
0.890305
5.70689
2.79605
0.514255
5.02103
1.2124
5.61938
2.05902
1.47986
4.78027
3.09862
2.41318
3.93765
0.348784
2.32024
3.56364
1.04428
3.19841
1.05491
1.71611
0.809082
1.83715
1.49672
6.20674
4.78911
4.7207
4.15272
1.38658
2.44022
1.91739
4.1722
2.24176
3.44106
3.98781
4.47704
0.221734
3.50053
4.99527
0.247506
5.60056
1.01429
5.17224
5.35118
0.51554
1.52156
2.55292
4.62709
3.46341
5.42347
0.956223
2.04286
3.22142
5.36733
2.45754
0.593434
5.69838
3.30402
4.95136
2.7524
1.51338
2.8894
5.08255
1.22119
3.20839
4.96162
3.48891
3.85212
3.0049
4.81164
1.62825
5.26351
5.5163
3.96781
4.46901
1.42502
6.08786
4.65211
3.75136
5.90853
5.04526
0.0420407
0.919242
2.65292
0.593887
0.862452
5.51619
1.79066
4.8708
5.81182
4.95414
4.57613
0.885828
0.990856
5.21564
6.01482
0.511143
1.35648
6.00293
2.26505
2.41113
0.145616
3.45816
2.84544
3.65028
4.00888
1.46324
0.513134
3.77809
3.769
3.02333
1.82436
6.10624
4.25488
3.0933
5.23464
2.59405
1.32864
0.0272784
0.804095
5.85571
1.08371
2.72581
1.0191
1.26564
5.33578
0.577629
2.87063
0.737671
3.22262
1.96364
1.96509
0.69133
5.11392
3.37951
4.53783
6.06869
4.69726
0.672796
0.932073
1.15848
5.34517
5.81373
1.95729
1.45536
0.0310435
5.36262
5.5832
3.51034
3.69415
0.876948
0.236871
2.57212
5.77552
3.45142
1.51794
5.82649
0.705035
6.2666
5.73362
0.38999
2.34283
5.7234
5.0366
1.09852
4.84187
0.722205
1.65722
5.97098
0.501638
6.22851
1.45311
5.97533
1.70014
5.91527
0.982418
5.11084
4.05599
2.05666
2.93884
5.22354
5.74762
0.629515
6.13821
5.14245
1.48147
0.193963
3.90163
4.48944
1.58666
5.50647
6.27131
1.13136
2.00144
2.79024
1.10403
3.12229
1.29231
5.6904
0.274203
0.601693
0.952473
0.73431
3.72873
4.49959
5.12058
3.73138
4.40099
3.12342
1.653
0.0985687
2.79318
3.36383
4.43067
6.14598
2.49174
5.99528
1.71163
3.17979
4.49407
3.07698
0.456693
4.83059
0.953393
0.770203
4.33121
1.83726
4.07906
5.14894
0.903006
4.08243
0.522324
5.58429
4.93755
1.04293
3.72716
4.84903
4.18781
5.36421
5.99701
0.64968
0.327118
0.178969
3.79652
2.08749
0.222375
1.38968
3.54505
1.32348
5.5502
0.209776
1.77335
1.65979
1.40673
5.25926
4.07653
4.46885
5.79025
3.4338
5.88993
2.95258
6.22524
1.46354
3.68038
0.00107099
3.51709
6.25422
6.1833
1.14253
0.484621
5.30005
3.06704
2.44743
0.3331
3.2966
3.46574
1.55289
5.8364
3.26972
2.7118
4.22175
2.33859
5.97586
1.48461
1.20361
4.38031
5.07758
2.42501
2.73369
6.06527
3.14137
6.19514
1.89203
5.61744
2.96548
1.22369
2.99473
5.14798
2.70278
0.830035
5.10153
1.05628
2.4636
2.22797
6.17024
3.87561
4.67187
3.25663
2.40697
2.63691
5.41807
0.178201
1.28646
3.42369
5.84695
0.260009
3.5219
6.20934
1.49958
2.63759
0.620154
4.44111
4.31731
0.527563
5.41192
1.29396
0.502527
4.41387
0.265086
1.21574
5.97302
0.681068
1.27649
2.18054
4.0343
1.82538
4.60416
4.48016
4.84438
5.31492
0.342213
5.62231
4.80006
5.44847
0.0558882
4.58178
0.362398
5.75031
0.883477
2.29378
6.08713
4.56555
3.71473
5.02636
2.78969
0.0993138
3.79509
6.23952
2.27068
3.35768
1.67259
0.0500306
0.390924
0.563516
4.32779
2.65611
4.99818
4.23495
1.13324
1.74083
2.96299
2.23939
3.55833
0.111628
3.87265
4.35117
3.96205
6.09081
4.4373
4.72866
2.84395
0.176691
1.23651
2.8649
3.02264
4.04382
3.63867
3.24007
3.74938
2.55927
0.996443
2.66218
1.00383
3.82303
4.89114
2.90459
3.80699
4.07361
3.42137
3.79261
4.55532
4.34905
1.30525
3.68532
3.55242
5.8081
0.433599
4.12271
2.34805
4.47452
6.0486
0.771391
4.10866
2.49029
4.18135
2.12026
5.79175
4.09815
1.02725
0.877537
2.42174
1.65398
5.24139
4.37856
0.70154
3.0034
4.83887
4.38
4.53439
1.11756
1.80298
0.0203235
5.39772
2.88701
4.87221
0.804615
0.209922
5.36256
4.15413
3.73
0.884362
4.6369
2.7379
2.37124
1.06466
0.0480645
5.88324
5.14362
5.02779
2.00796
4.85529
2.81054
4.4473
1.66439
6.20363
0.858028
0.795371
6.00162
0.375904
1.26634
0.878717
5.07237
3.27796
0.563481
1.75106
3.68535
0.638931
0.806399
1.11671
5.85971
5.44151
2.91188
2.4186
2.53936
3.2698
0.830333
4.13106
1.58259
5.83368
2.78822
2.1303
2.39774
5.90727
3.39517
1.49754
3.88936
4.07949
2.4428
3.99194
6.05728
0.634027
2.50104
2.49617
0.829375
0.380448
0.497773
0.741297
0.216701
2.02947
6.1326
5.95715
1.0205
1.94615
1.87767
0.276744
4.91821
5.80912
1.15171
5.94354
0.0290976
5.92537
5.867
4.83285
6.28009
3.6085
5.17529
0.472129
1.15
5.84195
0.518242
5.91568
0.423469
5.45381
3.27756
4.5924
0.833764
4.66736
2.13772
2.98919
0.120941
1.62597
0.780686
0.6629
3.30052
2.45578
3.06295
5.18684
3.33254
0.720019
0.753618
4.92493
2.70213
0.270497
1.85775
3.01658
2.5678
2.4737
3.9876
5.66743
0.401363
4.06522
1.00517
0.533283
2.22087
2.10266
4.01219
6.22153
3.0408
3.32729
1.60157
4.69327
5.34441
2.72652
1.20461
5.98882
1.84194
2.7181
1.76584
1.0671
5.93717
4.12509
6.21375
4.21643
2.82919
0.42927
5.26392
5.55699
1.99368
1.90664
4.33558
4.56001
2.47356
1.99472
5.9746
5.04232
1.0258
0.888077
3.01424
6.12665
4.22623
3.142
6.26722
3.26452
2.33066
1.3648
4.80356
3.19193
3.18694
3.14647
3.55149
1.40675
6.24516
5.2388
2.88909
5.63347
3.94834
4.74765
2.96675
4.00098
5.37766
1.52861
2.80987
4.57953
2.3394
3.36548
3.52579
1.59778
4.86986
5.29112
1.96202
1.13854
5.25611
5.74561
0.339019
2.70654
0.849824
2.47417
3.73296
1.68741
0.302831
1.64995
3.18267
2.04928
3.51827
0.0123708
3.50417
0.815021
0.276672
1.39855
2.9053
3.97907
5.35881
0.656229
2.45702
1.75231
1.2698
1.29733
4.82286
2.51865
3.73433
2.18579
1.94949
3.29743
2.34632
2.75146
2.37735
1.44596
4.22201
2.36541
4.57719
1.33681
1.1394
1.5164
5.22139
5.46311
0.168876
6.15852
1.65054
5.57675
2.64886
3.86728
2.69182
0.418169
1.53467
0.891769
3.60535
5.87018
5.66729
5.29263
1.79613
1.47548
0.281297
0.712767
6.04986
5.53961
4.42731
0.296831
0.933926
5.7862
5.53571
0.627633
1.56688
5.61911
5.26252
0.464289
2.5943
0.220314
2.62841
3.05948
2.34849
4.43082
2.8202
1.4639
2.25719
5.49207
1.35626
4.06328
3.00309
4.83006
1.39555
3.37686
0.210802
1.77037
5.51712
1.83958
3.135
0.12617
4.70662
2.62981
5.48577
2.55954
1.99328
5.53587
2.78412
6.06655
1.02789
2.54198
1.09007
6.20838
1.5549
1.74005
4.94931
1.65763
3.62635
5.20412
5.78428
1.85783
1.30574
5.48116
4.69485
0.264237
2.70064
5.6105
0.844059
4.34794
5.74565
2.52929
4.73458
0.715995
1.95169
1.28112
5.71626
4.89019
2.4919
3.94066
0.396847
1.23269
3.75749
1.71608
1.7969
1.97986
4.11376
3.06088
4.64538
5.91633
3.10445
5.35313
5.91212
4.1733
6.23684
1.06788
5.06615
4.59466
1.84418
4.07679
5.38057
0.625272
4.87283
1.8403
0.613988
1.37679
3.5639
6.11642
1.63706
0.285786
1.85194
1.07311
5.96539
3.10844
0.365614
5.49818
1.09648
0.246077
3.84772
1.81382
2.81515
1.03779
4.70565
3.44348
1.32457
4.4296
5.70579
0.0163391
1.17288
1.15588
3.86252
2.91314
1.54073
5.34349
3.87402
5.36123
2.30795
6.09762
0.941119
2.65496
4.3286
3.1213
4.79417
2.09355
6.08014
5.08997
3.13053
0.123463
5.42439
3.69731
0.0938904
0.59468
0.567045
2.30408
2.89321
1.17852
4.13856
0.543014
5.75289
0.56191
0.615953
2.55279
2.46887
6.01302
3.82361
4.86528
4.60639
1.20798
6.15158
1.85448
1.62778
1.57509
5.6019
3.40942
4.55989
3.94648
2.75854
1.12401
0.600129
4.36007
1.17908
4.43166
6.12223
3.70575
2.92791
1.36665
4.36744
0.890405
0.620257
0.195287
0.726724
3.39563
5.46725
3.13206
2.60241
3.32019
1.0401
3.03408
1.49962
5.2529
4.38777
0.423165
0.512989
2.54488
0.55334
2.81848
1.41036
5.47551
3.53664
3.76762
1.7216
5.97009
0.101588
4.53083
5.02478
1.89861
5.80539
3.29684
3.21035
0.578173
6.12221
2.50667
1.02543
2.94023
1.81723
2.26701
1.52036
3.82835
3.73014
0.132137
2.3435
2.54206
1.4233
2.72022
1.98682
1.40172
1.09869
4.90868
2.34615
4.30499
4.9195
4.78954
1.78661
3.32264
0.187491
0.239455
0.995282
1.27456
0.901414
1.47377
2.89284
3.3786
4.32184
4.52985
4.23419
2.77412
2.46515
6.23116
2.77379
4.81804
0.981769
2.76562
5.17173
4.35115
0.912026
2.90476
1.619
4.81081
5.07303
3.27491
5.15066
3.86169
1.64459
1.25394
3.12772
4.6499
4.64576
3.94665
0.292105
1.7611
3.80273
5.89877
0.799371
1.56304
1.71723
3.12476
1.43221
2.76217
5.10608
2.24647
0.705823
3.51928
3.8142
1.27131
4.77866
0.0104527
1.35736
4.93473
0.145932
4.10652
1.7673
4.82635
0.4702
2.10563
2.02605
2.67772
1.18356
5.81751
1.18258
3.3131
4.48167
5.66592
0.0183095
1.97301
1.04475
5.30506
1.60006
0.47232
3.25539
2.35453
0.351569
0.399327
2.88626
1.61041
4.1086
2.64319
3.5168
5.40154
5.21395
6.09139
2.95622
0.275389
2.48868
0.59362
1.77917
3.80433
1.33537
2.97268
3.05887
5.36369
5.01724
2.93481
5.90332
0.417261
4.65152
1.35463
5.8273
3.1865
5.10373
1.65854
2.03924
2.15885
1.90402
5.76113
1.41464
4.63757
0.778547
2.03071
0.532341
5.74067
1.92095
1.23652
5.90586
1.48626
2.72529
3.71718
4.75334
1.81905
4.19014
3.50197
5.19018
1.69679
0.893706
1.02653
0.00859559
4.28417
4.20377
5.12874
4.46254
0.597236
5.30444
3.64809
2.29774
0.957384
1.2277
4.38874
3.89778
1.23281
0.125871
5.52387
1.75991
3.81607
3.72802
6.09712
2.83942
5.38127
5.84949
4.44601
3.37553
3.45779
0.674763
5.00111
3.42996
2.35994
0.608444
0.240995
4.17639
1.26922
1.47906
2.94629
4.92704
4.75287
6.03548
1.89948
0.265037
4.2068
1.21196
4.38775
0.322169
1.86759
5.71147
3.00788
2.82927
3.84356
4.5236
4.47856
1.39623
2.13291
5.66057
5.7385
2.45231
4.4569
1.66961
2.30025
0.349117
6.27985
2.85774
3.09908
3.85626
0.897616
0.0593271
5.28453
4.95256
2.47101
1.76409
0.892706
1.83134
3.43787
0.0231223
6.27639
5.88262
1.67456
2.28797
3.77441
1.36798
0.245015
3.68464
5.9809
5.11172
2.29621
2.04848
1.15521
2.4811
2.80701
1.14195
2.52655
2.89284
5.72666
5.15557
2.11901
3.81914
1.94683
0.333892
3.74346
0.353526
5.69848
0.338821
5.28933
1.27655
5.85627
0.226699
3.0963
0.201644
2.3837
3.75328
4.47339
5.43481
1.08534
6.06422
1.84143
2.56174
0.400692
4.62137
3.42546
0.486642
3.67679
5.59034
1.12614
0.795559
3.84274
1.69446
0.675744
3.17314
0.0655648
1.62485
2.05491
1.28673
5.65177
3.89601
2.02883
6.06866
2.77617
0.559078
3.65561
1.58579
3.70017
1.39547
0.319705
3.84913
5.29524
2.77087
0.869588
3.45584
2.2397
2.83017
1.95949
5.00665
4.14733
4.9952
3.68936
3.17756
6.05509
3.67501
4.83676
0.972581
4.09098
2.93213
0.0963258
0.66443
5.09186
1.685
2.33294
4.71757
0.307155
4.993
0.641817
3.59873
0.252583
0.999687
1.63673
1.55515
3.06093
4.63399
2.72039
5.04257
5.82082
5.25063
1.40934
4.44831
1.54698
1.6944
5.18616
3.93278
0.363825
5.92139
0.714705
2.84869
0.37135
3.41428
3.60151
3.20239
4.21628
5.76455
5.29191
5.3859
3.15405
0.97038
1.21935
5.32066
0.290468
4.05839
2.31485
0.0548725
1.98737
2.43576
0.753786
2.00811
0.494231
4.43361
0.338234
1.61728
2.51325
5.07775
4.36811
0.463444
3.46215
5.7976
6.181
1.32538
3.25968
4.44006
1.28218
3.71798
5.81307
0.0811895
1.5342
3.65583
0.670993
4.39247
6.04756
5.51193
5.94383
0.940416
1.26732
5.01141
4.38435
5.16258
3.4493
5.16286
6.07575
4.10525
3.42357
0.900667
3.59416
0.760316
3.44399
4.44339
1.20701
1.12451
2.09331
4.29126
0.153303
0.345029
5.58523
5.46354
2.99835
3.90107
3.84603
4.12647
3.74569
4.94518
0.0974446
5.35617
6.10771
4.97297
5.69936
0.244801
0.128407
2.02878
2.65661
3.50507
0.85264
0.11305
4.92731
0.675266
2.20732
0.260173
5.77959
2.81776
4.31386
1.94513
3.7662
3.27736
1.37702
3.39667
5.87191
6.06851
0.75681
6.04973
5.76539
0.559487
5.24874
4.9362
0.893344
0.757287
5.10729
3.37225
4.38244
1.22458
0.652316
4.34109
5.08598
5.74463
4.88145
1.70526
3.76306
1.59091
6.18808
2.49728
0.274924
4.26247
4.06462
0.46356
0.704643
1.88274
3.6861
0.525343
4.04774
5.25257
6.20231
3.91148
1.6086
3.0889
5.83321
1.7437
5.8102
2.5551
1.67426
1.85789
4.80952
5.21188
5.37534
3.31348
0.55964
3.43153
5.47274
2.26846
4.85457
2.90499
5.59478
5.50947
2.61881
3.50068
3.59119
4.85619
5.72246
5.24891
0.020506
2.30477
5.24841
5.03296
1.29957
2.13973
3.58215
5.01731
3.39479
1.65904
2.90082
4.59758
5.38897
1.74608
1.02479
5.35089
5.2505
3.44066
4.89972
1.77989
0.0346607
4.75016
3.4471
1.81152
5.2914
3.21326
2.74776
0.175147
2.00529
5.21532
1.74043
2.59184
2.16174
4.21115
3.01428
0.726441
1.47949
0.532025
5.27088
4.44809
1.28367
1.48949
3.6136
5.17688
3.32197
0.106743
6.20399
2.43986
5.71796
6.12601
4.03839
6.2285
3.26964
1.43106
5.31477
3.38671
1.03866
4.29043
0.699758
2.30979
5.08191
3.0988
1.77631
3.97538
4.1427
2.12438
6.15948
5.45317
2.33004
4.91855
2.68199
0.20848
5.63546
1.92711
5.87069
2.07789
0.330464
1.09896
0.55111
5.2137
2.31444
5.59521
1.86264
1.76327
5.59409
2.4067
5.98436
0.277124
0.432486
4.92383
4.78632
0.0892507
2.91578
4.51393
1.6252
4.42593
2.76092
0.982708
3.11172
5.93733
5.68856
5.45145
2.04193
5.51373
3.203
0.810651
2.72976
1.56119
2.32398
2.14715
0.692842
2.13217
3.66046
4.54003
0.245135
1.85592
2.05989
5.12916
6.21154
3.77289
2.30698
6.10641
3.08495
4.54885
0.585471
5.9558
4.24519
5.00304
2.24242
3.03435
2.43517
1.70598
0.565034
2.10154
0.445212
3.02582
1.88272
1.15193
5.57392
3.00072
1.829
2.28187
3.9901
1.67848
0.469167
6.08384
1.61921
4.46389
3.38524
0.592393
3.08035
3.50587
3.22232
2.63164
6.25727
6.12824
2.68261
1.64253
0.649672
6.08671
5.8123
1.78489
1.88331
1.86284
2.38259
2.41952
0.534947
3.46656
1.07454
2.45973
1.7314
3.33784
0.621368
1.95276
0.380728
3.86649
6.06677
0.607567
3.30277
3.71287
2.50949
1.32808
3.84126
3.41921
4.62094
4.24737
2.84695
2.42357
6.14477
1.47133
5.9628
2.2574
1.24067
0.570901
4.91302
3.9419
4.8908
0.420247
0.243716
5.96234
1.11414
6.26375
3.10998
5.27773
5.98319
2.65288
2.78119
2.40071
2.57108
3.87706
2.1294
1.4181
2.3856
2.37168
0.0187731
5.5576
3.08556
3.23138
0.939044
5.65026
5.18533
6.05438
2.9937
0.30426
2.59924
2.14582
2.04348
2.78864
2.20805
5.73311
5.63191
4.74399
1.40766
0.227131
3.21793
1.01399
3.03385
1.23651
4.79454
0.820927
6.14988
6.00219
0.668797
0.815833
0.825854
2.95575
1.49759
4.72275
5.39939
6.15956
0.811833
3.3575
5.4399
5.23014
3.32058
4.48459
0.877958
5.37929
4.66442
0.818613
5.62528
1.4319
6.12082
3.41454
2.55692
5.67608
3.01236
3.16509
4.65921
0.592211
2.59928
4.09868
2.22021
5.61579
3.1349
4.12267
2.49526
5.35359
4.01575
0.42743
2.62957
3.03728
5.82654
5.56833
6.18711
4.07328
4.63891
2.79648
2.66143
3.06029
2.07141
4.12693
3.91894
1.93292
1.91346
2.68372
5.06576
1.43412
2.81025
5.9546
5.47938
6.11077
5.77858
2.36201
5.95669
1.93209
4.52404
0.389076
2.67731
5.42718
5.12777
4.07296
1.84774
5.33614
5.6563
1.52847
5.89143
5.30538
4.11677
3.33821
0.934486
0.614228
2.21816
6.10543
4.09877
3.46613
5.48503
5.2981
0.198408
1.81924
5.64122
0.898334
1.83719
1.02037
3.01673
2.52568
0.724113
5.2727
5.16115
3.94312
2.37445
2.17979
5.43248
1.73507
1.5306
3.0966
2.25208
5.5147
5.90073
2.13938
4.76793
3.95818
2.23341
5.29931
0.639234
0.0277339
0.500282
5.43541
3.32335
0.808835
4.37535
3.94525
5.06719
3.6173
2.7136
1.1639
3.59504
4.80004
1.04046
2.45059
6.0065
6.14011
5.94756
5.60868
3.3545
0.823581
3.88841
3.32443
2.85726
1.03651
0.534622
1.07263
4.51324
1.42604
2.80143
2.69455
3.44993
6.27042
4.54386
5.47834
3.84987
2.59525
3.07941
2.49222
5.93225
3.12552
1.28116
1.20095
4.66032
1.46875
5.24208
2.10575
1.47663
2.94444
5.52697
5.32459
0.374424
3.57332
6.12955
5.96834
2.00344
6.14592
4.11045
3.12923
2.505
4.71441
1.19823
1.47779
2.40772
0.511224
2.30411
3.37649
4.08081
2.05311
2.88539
5.30094
1.90935
6.14046
0.269571
1.27159
0.918006
2.68161
0.84155
3.34512
0.996355
0.211477
0.77574
4.20247
0.21585
1.48486
3.03749
0.505052
2.11297
3.59402
4.88946
4.96262
6.25547
4.27017
0.314383
0.71787
6.0034
5.66027
5.3298
5.37035
5.81818
5.90214
4.38425
4.30179
0.781943
3.59626
5.25523
2.93469
4.46599
1.18383
2.29413
4.35618
3.34535
1.05819
3.88026
1.70552
4.91596
4.03638
5.78346
6.03674
1.22554
5.62359
2.67466
4.12788
1.88481
2.30871
4.0996
3.60198
3.22355
0.854719
2.60532
2.2782
6.19174
0.874097
2.909
0.527044
2.81027
6.20881
4.46837
1.2438
1.59531
2.28732
1.41463
5.33464
3.66064
0.25177
0.180005
4.70757
2.75988
6.28298
4.3753
0.801053
1.68642
2.60409
2.94645
2.37682
3.3753
0.226923
5.84083
5.72494
6.22413
3.6758
2.48385
0.724014
1.42827
4.94514
3.89186
1.0859
1.6052
4.57906
2.75275
0.115739
2.94916
3.85104
3.56974
5.39287
6.09471
1.51002
5.60094
6.03525
3.42206
1.73033
0.305764
2.78651
6.15828
0.392068
6.02379
0.513507
0.946202
0.0635443
5.54151
5.21521
1.51012
3.70584
2.76004
5.38904
6.19585
3.66328
2.64916
0.396853
1.78164
5.51276
0.368134
2.05797
3.17302
2.91103
0.240199
4.40654
5.12141
1.93362
5.11875
3.73412
0.741729
2.75033
3.29463
5.2015
2.13254
5.34878
0.534671
4.51135
4.63058
1.66937
2.53029
0.218423
3.07043
3.56391
1.95183
5.3476
5.36518
4.79556
1.84416
2.63388
2.66918
2.53275
2.47467
3.86418
1.69368
4.39704
2.30421
0.23537
2.45143
0.863795
1.159
2.21522
2.13579
4.43644
3.42855
2.24069
2.98233
5.14085
1.65274
3.58845
0.322681
4.15619
1.4053
1.81002
3.6769
6.19916
4.79309
0.161074
4.70654
0.224312
2.47548
1.47777
2.14821
2.55893
4.15157
4.19247
5.74527
0.523942
3.84297
0.0947146
2.1831
4.97899
0.390379
2.13592
3.46442
1.69082
1.40588
6.11388
5.96237
0.472663
5.06271
5.17783
0.145872
6.03167
5.87161
2.21895
4.83054
4.96517
2.49233
3.24682
3.30443
2.15084
5.90006
1.00443
4.95237
4.73526
4.08967
6.01756
0.719097
1.3081
3.81958
1.43798
3.64807
2.22872
2.12153
1.66749
0.113696
3.18419
0.0496568
5.48556
3.60068
1.05179
0.6408
1.47742
0.511511
2.73969
1.05122
1.26213
4.7727
4.19784
1.88244
0.285814
1.16659
2.3951
0.824543
1.84216
0.00306516
3.38539
0.891323
1.30914
0.173158
3.63742
1.38473
2.90964
3.76928
1.62537
0.875976
3.5732
1.47117
1.05174
4.12236
3.84556
3.06587
4.50596
4.32148
0.129508
6.05714
6.11699
5.75309
2.93648
5.32606
4.97582
3.14054
4.37897
5.87399
2.36291
5.89291
3.63
2.64158
4.21471
2.13742
1.16782
0.903239
2.26003
3.35717
0.952522
0.033992
2.12538
4.46844
6.04938
1.10779
4.41873
3.37102
4.90012
2.8309
0.0804712
1.92979
0.244006
4.37899
0.266088
3.86899
4.30198
1.4934
0.374388
0.368959
2.60562
5.24285
5.88432
0.371833
3.8843
3.59758
3.46366
3.64873
0.743983
5.73711
3.4907
4.70821
1.29123
0.251816
0.696375
1.13049
3.83839
6.10895
4.98286
3.96537
1.95132
3.69855
5.60875
6.01196
2.83428
0.888074
3.12623
2.19173
3.1101
3.8209
1.85582
2.00134
2.9583
3.11136
5.58278
3.00205
6.19255
4.0112
0.603175
3.53474
2.0322
4.39636
4.67822
4.1354
3.6327
2.20377
2.73468
1.59736
1.68834
3.86734
2.33388
4.8172
0.782184
5.15455
0.508049
1.03648
4.43289
0.959127
2.6428
1.60226
4.72179
3.96487
6.09893
2.31858
0.817334
5.23616
4.16692
0.854348
2.55476
0.543747
0.0280405
5.32647
4.33817
0.685607
5.88635
3.41385
1.97661
6.07216
1.47243
5.04857
3.75977
0.851324
5.09482
3.79799
2.25532
1.33234
0.134509
4.68892
2.7987
0.0104666
3.67987
4.9165
3.08896
5.43516
1.85851
5.24953
0.872325
2.29653
3.3031
2.7473
2.50603
5.42305
5.08674
5.29376
1.33718
5.29306
5.93952
2.69695
5.58573
5.51626
6.23645
2.00362
3.98705
5.429
2.53864
4.79942
5.99079
5.82831
2.96922
1.94339
2.47764
5.56119
4.59892
2.74956
5.25275
4.28614
6.04467
1.07654
1.01809
4.67842
0.760965
0.636079
0.111077
4.06192
1.42649
2.32189
0.0534416
3.98182
2.76678
3.72496
1.74284
3.9532
1.75161
1.29859
3.59183
1.64726
1.01516
4.73187
1.24858
2.86607
0.316424
5.92654
4.25225
4.98532
1.5707
4.5786
5.1888
1.14791
3.06594
4.10393
5.21382
0.445799
3.4197
0.0776067
4.21567
1.00275
1.20957
3.55507
0.598921
5.52239
4.22276
2.60895
4.43335
1.63592
4.42147
5.52582
5.56394
3.14224
1.56503
0.1411
1.8463
2.84652
5.06578
3.43675
4.95005
0.460718
0.50624
4.63156
0.727623
1.4236
4.96663
2.94409
3.16673
1.52355
2.80503
3.00843
1.57256
3.57989
4.23067
2.65216
4.46138
2.13991
1.0582
4.99291
2.11168
5.38783
4.16399
1.61658
3.84537
0.358197
4.54562
4.76233
0.445808
0.670424
5.40555
5.24885
4.14447
6.1217
1.0536
5.37847
3.77419
5.56623
5.36761
6.05003
4.58571
5.85126
1.4525
3.74414
5.40619
2.01986
3.57825
5.70057
5.59209
1.51637
5.12325
6.0459
2.85093
5.35455
0.255904
5.55935
0.573279
6.26023
5.87576
5.39399
2.2738
2.74453
4.53323
3.70914
4.37353
5.29632
4.43151
0.847209
4.22204
4.44786
3.22599
5.73106
5.37531
0.1023
4.86823
4.06754
5.37429
3.80452
4.09639
4.6255
3.69179
3.70319
5.85155
3.12065
2.61825
0.189328
1.17212
3.35253
4.79277
3.47186
0.0323524
0.486216
4.07346
0.181353
5.75131
0.149219
3.4709
5.52739
1.09685
4.23726
3.45828
5.13041
0.344552
1.37719
4.12176
5.83455
4.74244
2.10324
4.77268
5.24675
2.41604
4.21699
0.386441
2.20804
3.52126
1.97439
3.07154
4.62849
3.97594
4.72615
5.47114
6.21369
2.34359
5.19118
5.49597
5.46237
3.48041
1.20033
1.89627
0.0559834
3.47567
0.175436
4.91813
2.70278
2.06658
5.52338
4.06432
6.13412
1.06827
5.38039
3.25042
3.28917
4.24572
5.19646
2.63388
1.76707
3.38514
0.499223
1.6183
1.62273
0.653378
1.70438
3.78255
2.92295
4.85042
6.13836
1.62486
1.59637
0.250254
4.0773
0.729022
4.00443
5.26209
2.70263
0.283107
0.811628
1.31095
3.04645
1.21263
2.77627
4.69386
1.63917
3.73841
5.79634
4.08051
6.21908
0.90712
2.80842
2.11149
3.37834
0.796852
6.16924
1.73933
2.00545
3.82315
4.01654
0.0828486
2.97718
0.194815
2.63256
5.07382
2.9396
3.68405
3.16178
2.77257
5.83132
2.65088
6.05524
4.36569
5.25475
5.15245
5.5412
2.56382
0.955386
5.72903
2.30662
1.16375
1.85677
3.58927
3.10906
4.19313
4.59364
5.67294
2.8023
3.70126
1.02773
3.84222
4.89099
3.45442
3.03334
2.02481
0.313152
3.37969
5.88903
4.81395
4.11843
0.380923
4.84977
4.24088
6.10394
1.4206
2.73961
0.43141
0.1755
3.35673
0.200606
1.47001
3.59924
3.18622
3.90715
1.48263
5.80726
0.684406
3.07344
3.00704
4.21807
4.30587
2.29488
4.4066
4.60343
1.25521
1.14495
5.74629
5.01846
5.77665
0.86176
4.21101
4.7473
4.96535
1.36496
2.43852
1.96749
5.51757
4.91269
1.93993
3.98205
4.90486
0.548305
2.44551
5.80476
0.211796
3.96132
3.33366
6.24331
2.59386
2.44277
3.42731
0.875454
3.49554
2.90392
2.3202
0.323343
4.77152
6.07668
4.42753
2.57112
1.21666
2.40558
3.90987
2.00933
3.60656
1.04721
4.33497
4.03051
0.0588944
3.3146
2.33829
5.22193
5.45526
3.77075
2.25418
2.75753
1.11335
6.12464
0.367017
1.62785
4.15274
4.82041
3.08733
1.43582
3.21584
0.134329
4.86745
1.47103
5.21417
5.19136
0.544134
1.81206
1.0032
2.4183
3.92163
0.791624
4.87693
1.29552
4.64133
5.2372
3.10709
5.73312
0.810364
3.57348
1.79099
3.18545
1.3025
3.13102
4.65912
3.30656
3.25519
2.98102
2.13377
1.13848
0.830165
4.72517
4.06217
0.721828
4.77966
0.907336
4.37373
1.8447
4.40755
2.94252
1.16546
0.275399
5.33895
0.194264
3.86259
4.49125
2.69564
3.04095
5.51442
6.16996
6.04515
6.04803
4.59616
4.39692
5.30025
5.99584
1.59292
4.42769
1.31343
1.43508
2.18858
2.43641
4.10384
4.20245
3.19969
5.06325
5.81105
5.45571
4.04805
3.14523
5.21133
3.49366
6.19754
2.16611
5.90657
2.50465
1.7305
4.63287
0.382014
3.82375
3.14152
4.83645
3.46505
2.28385
3.94656
3.32898
6.02382
0.0653604
4.37298
0.239191
4.62647
1.48021
2.62427
0.138854
3.64076
6.07339
1.07865
3.45794
0.584589
0.52234
0.377612
0.281962
0.829654
5.14707
4.78018
4.9748
3.54056
1.67414
3.40686
2.6064
2.84891
1.10378
2.58227
0.221189
5.57667
2.38618
5.67866
3.72229
5.6436
0.378515
5.85103
2.63382
5.48452
1.83405
4.47361
1.3232
3.48877
5.94228
3.85863
0.860357
0.191044
1.21639
1.94842
4.60566
3.02173
3.58533
1.03173
0.724176
2.13218
2.77138
3.05414
1.52955
0.404048
4.90823
3.20023
6.22139
5.22839
3.09701
3.93847
2.52891
5.97014
1.61994
5.03566
5.30459
3.58591
4.68923
2.33839
4.03183
3.5071
2.20488
1.99351
5.83889
1.49699
5.15268
3.04729
3.36852
5.31505
5.71731
3.50367
4.79485
1.40403
5.71183
2.45218
1.89349
4.87522
0.199692
6.03017
6.26657
5.79531
0.0204989
3.95729
2.68741
0.0200572
1.84891
2.90836
1.35594
0.591115
5.58029
4.10174
2.23417
5.99173
3.85302
3.74733
6.22852
3.61843
0.107856
0.937328
1.73479
0.759064
4.66026
2.13598
0.758412
5.25612
3.06424
4.50852
3.69236
4.0534
0.032815
3.26459
0.112105
0.518213
1.50522
3.08305
3.37449
2.42947
4.974
3.32032
2.68135
4.82193
1.72064
0.636386
6.18989
0.0229806
2.57784
0.521669
1.97718
4.52602
3.68896
4.25613
0.856317
1.05886
1.55054
1.05872
0.671622
1.51288
3.39774
1.01369
3.4287
4.39188
2.23552
3.8133
1.84809
5.804
4.14872
3.56771
0.730499
3.83629
5.61045
4.79587
5.67345
2.95469
5.84393
4.6336
5.39926
1.86779
3.00874
1.78794
2.31723
4.76159
0.485995
6.16086
0.291826
3.27766
5.80351
1.66527
3.75869
1.91838
4.44297
0.192333
5.88698
3.60454
4.40148
2.30203
0.0473639
0.659028
5.57044
3.49256
5.44734
5.55731
1.37333
0.850568
0.941499
5.88097
2.46897
3.97528
4.41461
2.00529
4.96885
1.44986
1.41598
3.77174
2.51172
3.29985
2.29369
0.464756
1.12429
4.23803
5.31669
4.15965
5.60979
5.88885
6.15186
6.18527
0.214291
5.64797
0.990413
5.5166
0.923744
5.03922
0.248784
4.0521
2.03604
3.80339
1.93811
4.34305
4.13789
2.22922
4.95662
5.66467
0.34703
3.95026
3.78275
2.31367
5.98214
5.78783
3.62906
4.31043
2.74942
1.25305
3.4845
0.201192
3.85615
5.75386
5.28915
4.67726
3.92287
0.561654
1.5565
2.45898
3.035
3.55973
3.34147
4.32103
4.27651
5.43756
1.02524
4.0958
2.95913
6.04302
1.23517
6.24393
0.134222
2.31576
2.59754
2.47701
2.97062
5.41839
3.47576
2.76592
2.05183
1.35166
1.53707
5.18098
5.59947
3.14766
1.43128
4.07104
1.5146
5.68338
3.34154
4.96639
6.21509
1.49966
3.27878
3.58972
3.37445
1.13357
3.39514
5.18924
1.73979
2.83566
5.69194
4.24543
3.67888
4.6217
3.7738
3.9621
4.59752
0.523222
2.09045
5.46429
0.759353
4.9812
4.26399
3.8293
2.47157
0.158192
2.45917
3.62123
0.581333
4.58894
4.31963
4.01443
5.64793
3.0924
5.55283
5.91485
2.63303
2.78418
3.80035
3.22839
3.48399
2.09155
1.85432
2.74549
4.70453
2.50168
5.60505
1.69646
4.92956
6.10468
2.92492
4.12875
0.771402
2.97179
0.973009
0.393446
6.14895
2.62572
5.64937
0.552787
2.94249
5.40895
5.39247
2.26264
0.445955
3.90382
4.74271
2.73897
5.5259
5.45757
0.765421
0.719006
1.67856
2.61078
6.1431
3.13079
1.48822
2.58605
5.68559
3.92771
1.6224
5.36492
1.49851
1.11937
3.31298
4.21298
1.72959
0.716324
2.30003
4.75658
0.3538
6.10627
3.45621
2.3262
3.59664
4.51944
1.06255
2.37225
4.20291
0.513201
4.51803
5.39539
5.85813
0.326079
5.39525
3.2989
2.50071
0.423441
1.85087
5.39695
3.99901
5.98337
5.32482
3.45604
3.56933
6.22914
5.85756
1.12995
3.07882
1.0483
0.926272
2.80623
2.41928
1.39527
1.08749
2.0243
0.681705
2.40522
2.78505
4.91905
3.15445
6.22285
3.11758
1.70218
0.665776
4.76173
1.48199
0.98855
1.46337
3.34042
3.5235
5.43976
0.163011
5.61376
2.99121
2.07699
0.158357
3.32028
1.01355
3.44945
4.25854
3.43305
5.21737
2.13436
4.40402
0.508638
1.10652
5.56333
2.74611
3.38156
4.14541
4.27428
1.06989
5.03962
3.12936
3.49855
6.09017
5.14892
1.19793
0.312058
2.04706
1.94488
2.45326
2.03763
4.84351
3.88979
6.01215
0.00103954
0.948302
5.72841
0.0701313
5.9065
1.22503
2.81782
5.28856
5.94119
2.13028
1.78771
3.76111
3.42899
5.15395
2.73954
3.78114
4.08299
5.12886
2.79782
0.976151
1.38304
4.48551
3.30976
3.51495
5.92298
2.73431
0.721866
4.11681
4.10655
2.64101
3.89382
2.00086
3.07051
4.42093
5.14324
5.79687
3.43047
1.83552
1.75767
3.53561
0.974789
6.23357
4.13516
4.40791
4.3524
3.34317
6.09255
3.88683
5.11188
5.16565
0.036974
3.84357
3.22689
3.91356
4.9591
2.11042
6.11645
0.23875
1.83578
1.99788
2.62368
5.12207
0.792588
1.91117
2.44928
4.79967
4.6986
1.73395
0.981875
3.02392
4.6448
1.90303
4.61624
4.90352
4.64955
3.79806
0.932459
0.675776
2.46773
5.52863
2.8631
4.09904
2.78397
3.53684
3.27694
3.90571
5.13621
2.2814
5.55865
2.85423
3.67664
2.18651
4.81466
4.6172
4.24194
2.87686
0.620042
3.8444
4.34752
2.82006
5.61157
0.147381
5.30605
0.496953
0.830541
0.885813
3.84815
3.01348
4.74246
3.37684
4.22085
4.2586
4.52483
4.49527
4.39609
2.47793
0.643686
2.00833
0.0565025
2.53395
4.5667
6.05403
0.209747
0.787658
0.244051
0.992207
3.61547
6.09305
3.2665
0.549287
4.07427
4.45777
4.69789
4.16568
5.28994
0.413439
1.99412
4.36687
1.76615
2.65105
3.30355
0.16882
5.08659
4.76821
5.2134
3.0651
5.62457
4.13677
5.28251
2.5168
0.765745
4.42156
2.75548
3.7339
1.67638
4.45361
0.540922
4.78262
1.93019
5.76717
1.39573
1.13949
4.76119
1.47131
1.01511
1.08262
6.15589
4.12632
2.70581
0.0741383
4.28358
2.87581
1.69351
2.15014
3.36893
1.46583
1.79471
3.35244
5.8374
3.77485
3.53897
6.18552
5.56507
3.93327
2.95926
1.79548
4.69388
2.92091
1.37806
1.05999
0.0148838
3.50217
2.25422
3.87772
0.471393
2.54798
6.0051
5.72216
0.0495034
1.58329
1.71503
1.4965
2.69326
4.60286
3.58353
3.56599
5.10106
1.29636
3.01135
3.44763
0.89627
4.49918
0.597151
4.52479
3.51375
1.94937
5.47535
4.43719
0.651193
5.77535
4.50407
5.034
2.2891
5.86347
3.06804
2.23299
2.68414
3.63118
3.72917
2.58754
4.23134
1.63768
0.751149
4.90099
0.917906
6.01189
1.84654
5.51348
1.50228
2.88738
4.08989
1.97385
1.9641
1.1388
5.89865
4.94949
5.47153
5.03525
2.60807
4.29831
2.88354
0.887725
2.19983
2.66283
5.77958
5.81484
5.3005
5.98428
1.42711
4.37961
0.398339
5.38462
0.727472
2.52786
4.65809
0.572572
1.8863
3.24508
0.379438
3.63212
2.34955
1.82609
1.32632
2.19861
1.77976
2.91759
1.88489
4.09716
0.483331
1.79016
4.54625
1.17774
2.75213
5.98823
1.33342
2.69329
4.59167
0.134126
3.50983
3.76818
3.16592
4.18595
2.7155
6.07475
3.60938
0.782186
1.07945
4.68963
1.5916
4.74001
5.64609
2.09051
4.6132
4.83071
3.87129
0.980943
1.08527
0.553632
1.0019
3.96319
3.17048
5.33206
3.73421
2.15166
0.636305
1.519
4.48252
0.744133
0.759005
4.7704
3.98874
2.72176
0.190711
0.147164
0.256008
4.44245
2.71317
1.38332
2.76106
5.81528
4.47859
3.62396
2.68034
3.82517
0.053158
0.217375
2.31281
2.98166
4.76293
5.11587
4.29315
6.26232
2.0141
4.67513
2.03898
4.60796
3.37459
5.15728
5.56138
3.77666
2.88762
2.90175
1.7828
0.614543
0.9889
2.89747
0.346077
0.0903121
6.11451
6.13036
1.27378
6.16192
2.23794
1.5526
1.663
3.99582
0.350482
6.25861
3.07703
1.85796
3.77039
3.61873
2.89394
5.46409
0.00931112
3.40622
4.96107
5.10805
5.9771
2.48059
0.37843
2.51278
0.407202
2.76738
2.60214
0.181862
5.65194
3.03802
2.88141
5.32713
4.24717
4.28911
1.85707
4.62164
5.5217
0.0750516
4.66338
2.68485
0.212029
5.05466
4.8756
0.14356
4.37966
3.99955
4.03133
1.41296
4.84995
0.906751
0.854893
3.425
1.92865
5.3552
4.75189
1.42705
4.92029
2.70051
4.48908
0.230124
5.02123
1.52793
1.23929
5.09779
0.961567
1.76901
2.95442
4.70579
5.36693
2.68847
4.217
1.78811
0.640913
2.19803
0.496999
2.98335
4.39448
5.41589
1.37069
2.07372
1.01225
5.80034
3.47983
1.27404
3.1771
2.70354
4.76997
2.53182
2.83073
5.19744
3.59113
4.67313
4.2963
5.59542
3.68918
4.96586
4.68373
2.54787
2.40999
5.0249
0.689575
1.70941
1.43444
4.19009
1.02002
5.65376
2.11597
4.47913
3.33615
0.411558
5.85277
2.60449
0.499294
2.66336
4.19546
2.47413
0.619207
4.912
0.943835
0.824342
3.1084
3.7524
2.1488
5.15561
1.28155
4.79183
4.39712
5.00953
5.22871
5.78282
4.03786
1.28296
0.0365949
4.9365
1.71385
2.17056
4.8795
3.14762
1.31725
1.48074
1.42132
1.06074
0.43303
5.58486
4.6535
4.53327
0.588888
3.87241
2.31714
4.75883
6.02592
1.3553
1.10014
5.51916
1.3195
1.84895
5.41168
2.7753
3.9725
1.09707
4.24727
4.92195
0.605418
3.01429
4.02976
3.40677
3.16469
1.27489
2.89148
4.71508
1.03912
0.210006
0.42008
3.45772
4.38844
3.97408
0.00384474
5.59279
4.62708
0.202648
1.23234
1.63578
6.04384
0.874106
4.17883
0.49927
0.704803
5.56236
0.616048
6.20938
3.0501
2.69851
2.46207
3.88144
5.00782
6.1745
1.03503
6.05716
0.730416
6.19086
3.8867
6.00521
4.10549
3.15759
1.99934
4.12415
5.82906
4.93716
3.58578
3.12271
4.12596
2.40196
5.88164
4.5887
4.95883
2.45021
2.06225
2.98124
1.07767
5.4378
4.55175
1.94376
1.07298
1.14056
0.439996
2.91934
5.93312
0.948646
4.26155
1.5475
0.825877
1.09911
1.75764
1.29994
1.9824
3.53971
1.62797
5.88591
0.531231
2.28812
0.808611
2.46634
4.75201
0.862857
2.00821
3.87616
4.39067
5.97517
5.06736
4.68497
2.14198
3.4054
0.191704
5.58034
5.89211
3.88153
2.09352
2.18665
3.41209
2.43006
6.26602
1.44035
2.31431
1.54197
5.90516
3.12349
5.23527
2.88064
3.18214
0.643141
4.32301
5.57621
4.61169
5.45229
5.34264
1.73157
6.26043
0.555802
1.42599
1.5829
4.17277
5.41975
1.62893
2.80704
5.62561
3.95502
1.66112
3.72072
2.1139
1.4536
1.37336
1.01265
6.26098
4.02851
2.38014
3.92115
3.48249
4.1377
3.12885
1.59244
1.83338
5.43363
3.34666
0.0463609
3.21358
5.60817
2.50107
2.85953
2.93844
1.16506
0.251914
3.94381
3.14525
0.900142
5.56474
1.04374
0.0519859
3.18351
4.15865
2.81524
4.88374
4.40902
5.39692
3.22518
5.56701
1.02
2.10662
5.66295
2.18037
1.20099
2.61545
2.60094
2.44206
5.92297
4.80261
1.71465
5.64362
3.33528
2.80691
2.57588
5.28363
4.12482
5.83529
1.42694
1.55577
5.40391
3.52967
1.21077
4.92621
4.57182
4.79598
1.52089
5.59427
5.30506
4.80767
2.71751
5.79096
4.18037
3.49916
6.05199
3.40703
5.21837
3.12715
0.565839
1.80461
4.02893
2.22618
3.86157
5.19904
0.418813
1.06953
4.71306
1.02991
2.38982
0.375174
5.41869
1.21388
1.69052
5.7211
5.25672
2.64642
4.27459
1.85823
0.613624
1.33946
5.52089
1.2183
5.08286
0.882125
1.48062
5.81526
5.77814
3.41716
4.91613
0.589141
4.47505
3.26652
1.80568
0.608519
3.081
0.57538
4.89832
0.563669
5.42895
1.3814
0.131885
0.997268
1.75197
3.72012
1.24712
4.81968
2.14519
5.49339
2.79348
2.87572
1.32832
5.82876
5.66381
2.25056
0.0865275
3.71774
0.805991
1.25592
2.74048
0.557191
0.742091
4.74794
5.48783
5.58242
4.47441
3.42503
3.83386
2.29582
5.5362
3.46425
5.05142
1.47145
0.357464
4.7602
0.166389
5.70974
4.15647
0.641601
4.11893
4.42608
1.88592
4.95108
6.27048
5.65967
6.12083
5.13874
4.59661
1.73314
0.0956113
0.710832
3.51017
1.19264
3.45961
4.03968
3.41663
3.27675
4.79475
3.84543
4.97747
3.91068
5.43017
0.364153
5.52348
4.86779
1.60334
2.43805
0.307251
2.31174
6.07293
1.59717
4.1058
0.253316
5.75835
1.97623
4.87169
0.558968
4.40346
5.16364
2.47835
4.98987
5.78993
3.617
1.50928
2.28956
0.839505
5.89888
3.984
3.953
3.84014
1.40335
0.725747
5.23154
0.993423
2.11322
3.06528
3.03139
5.52998
0.15029
3.77111
5.06746
2.60203
5.51517
2.00662
2.00712
1.09625
5.30276
4.1043
3.23486
5.73086
3.96831
6.21263
0.869254
5.36099
6.19335
5.29226
4.08019
3.41996
5.00182
1.27403
4.95352
0.15824
2.29323
0.34088
0.323366
4.37274
5.69027
0.27072
5.64041
5.11715
0.0114944
2.96526
2.45948
0.138695
2.25718
1.74233
2.08965
1.51416
4.89553
5.74554
3.76082
4.42461
5.98653
4.28735
5.07833
2.14232
2.45835
2.84299
1.39403
3.21514
3.33347
4.3511
0.538287
2.61563
5.36746
2.80472
1.29793
4.70884
3.49025
3.27287
3.02968
0.781633
1.44198
4.25064
4.43834
6.22987
3.26692
4.3051
2.07556
5.66156
1.33717
0.100017
4.46845
6.04388
2.39795
3.39351
1.8043
3.95883
5.38748
3.3842
3.72714
4.18168
1.12669
5.20122
3.75976
3.6738
3.85494
5.73696
2.54275
0.0433298
4.45714
1.76076
0.0137458
3.32554
1.7217
3.60718
3.88731
2.7808
2.00135
2.15984
2.0908
1.9505
3.12687
2.17433
4.01154
5.05838
2.89163
1.66529
0.376282
3.98331
1.80151
2.79358
4.10027
5.59781
4.1914
2.63734
5.40257
3.56659
4.41804
4.65376
3.99374
1.05768
0.395037
3.84433
4.90825
0.981161
4.62012
2.62281
5.93963
3.65212
1.91117
3.28348
5.10571
0.438225
3.91796
2.12313
4.73448
5.3163
2.67545
5.63292
3.77517
6.24484
2.14383
4.22322
0.972496
4.41603
4.75899
1.97375
3.40067
3.37753
2.3572
3.60016
4.08961
4.36604
2.01278
2.63277
0.550601
0.75826
0.43434
5.6537
4.58344
5.3514
5.0312
5.53624
0.897104
5.27458
0.556266
0.0999401
1.47523
3.01811
0.469228
6.03763
5.66873
3.33015
1.27465
2.0607
0.100161
2.8126
5.1155
4.60767
5.87083
2.82609
1.40994
3.48136
6.09443
3.2025
3.28589
1.51521
6.16748
2.50868
0.81881
0.538561
0.346206
5.34018
4.23935
5.97571
3.84018
4.49573
1.90141
0.789978
2.71682
6.01553
4.55461
1.9354
2.82475
0.436749
4.41523
4.08571
0.654323
4.2665
0.891502
3.06156
5.32312
4.43625
4.64938
2.7425
5.20123
0.0922918
0.651313
2.13161
4.61469
3.339
3.06187
1.81126
5.7842
6.03931
5.78416
5.77206
2.85026
1.09597
6.23954
4.53455
2.68367
0.522335
5.63876
0.341131
1.72426
0.312963
2.08051
2.81224
2.57008
0.653492
0.162239
4.43634
3.92443
0.534944
5.84262
2.49534
4.48225
6.19847
1.40771
4.4575
5.90516
6.25109
4.94174
3.80556
3.88268
1.19457
1.33931
5.49775
3.60797
5.35488
6.15177
1.35586
5.36694
2.49514
5.87238
3.68031
2.70728
5.9815
2.60158
5.98809
5.9436
0.842439
5.10316
3.39648
4.96315
5.44009
2.12905
1.2073
2.11036
1.26414
4.0211
5.54657
0.882395
4.0526
3.07088
2.44463
3.62677
1.57205
1.82436
0.83582
6.00993
0.0561399
5.74679
0.221841
0.720518
5.48638
0.627664
1.48513
3.84649
3.74396
0.527498
3.18744
5.75097
4.14801
3.23956
6.15671
2.50316
5.6501
2.78502
0.745792
1.63564
3.17684
2.62073
4.99451
0.0960897
5.69709
3.98386
4.07891
1.3212
2.84624
5.11256
2.13336
4.08143
0.35295
5.77219
1.61965
1.65371
2.57086
1.92946
4.42249
5.59095
1.7262
1.53345
3.98525
3.93469
1.77254
0.670802
1.21434
1.10013
0.726011
0.229128
2.67707
3.3678
4.81913
1.08448
4.99205
5.15717
2.25815
0.334311
1.24806
4.44754
4.17548
2.81489
0.499286
3.12189
5.23194
4.0486
3.7862
2.9364
1.7504
0.897875
3.38437
0.313192
2.42363
5.80933
1.4644
2.33526
3.55239
2.38241
4.26117
0.856068
3.41319
3.58677
1.95964
4.08757
4.60901
2.93954
2.79466
0.667743
2.75547
5.53037
1.27318
1.88096
1.32276
0.41547
1.10763
1.99704
2.46268
6.02468
0.31809
3.92999
1.68774
2.11433
3.44226
0.105732
0.552541
3.12997
1.25892
5.15402
2.96383
3.20262
3.15223
5.33573
4.48424
0.695155
5.69111
1.70705
3.41987
4.51141
5.19613
0.815762
1.27063
5.82929
2.49924
5.56462
3.78272
1.31209
1.39331
2.59796
4.44978
4.81308
2.18294
2.80927
4.76563
5.46156
0.908335
1.89787
4.60487
3.11322
4.24302
2.06555
6.03142
4.48527
3.42782
1.03599
3.8297
2.76158
3.98601
0.588135
1.66329
5.63067
5.95741
6.15525
0.263064
4.32487
3.39034
5.70172
5.89923
0.768704
2.27955
5.66961
2.06729
1.07009
1.75182
1.37559
3.64931
1.75624
4.0162
0.778127
1.07203
0.185758
3.55224
5.51222
1.17954
4.9766
3.15706
0.56388
4.601
3.06308
5.03314
5.01095
5.41587
2.2505
5.37383
3.86847
2.93025
1.8428
0.432288
1.37269
0.0509722
2.64793
3.0093
5.48045
2.71571
1.45563
1.99941
5.71285
4.91058
2.39046
5.67757
0.751902
1.15607
6.1985
2.82638
6.05776
0.681653
0.239182
1.86812
2.08572
5.80381
3.44124
6.01206
4.73981
5.12002
5.21206
3.078
1.18407
4.8372
0.776984
0.25982
2.93831
2.3862
1.76187
1.18104
3.22895
4.12476
0.0700806
2.10534
5.52957
3.39174
5.53611
4.46764
1.07589
5.56231
2.18121
1.90432
4.76398
1.0947
1.18758
5.15249
3.40856
2.45887
2.58754
4.71105
4.81055
1.83728
2.68757
5.1496
5.97063
3.32915
4.93524
3.80046
5.23094
0.855676
1.88775
5.61457
0.430207
0.304993
2.50326
1.51097
2.57939
5.7614
5.28577
2.19331
3.66939
2.60542
2.83123
2.14791
1.94499
4.77437
3.79365
2.89697
5.25601
0.952345
4.27023
0.238853
4.43949
2.82302
2.53814
3.58601
5.90054
2.91643
1.12888
1.4872
6.18972
6.00347
4.87311
2.73706
5.09004
1.64233
1.70934
1.51679
5.20232
2.83891
0.188853
2.8328
4.48097
4.98573
1.76328
3.20724
3.31277
6.2003
3.44242
3.01111
3.85624
2.21458
2.51298
5.91466
6.14725
2.68641
4.92135
2.97954
1.89274
2.22365
5.39638
0.152159
5.24701
4.44041
5.74136
2.29735
4.5692
3.29897
1.21776
4.30456
5.98656
1.41641
4.09596
6.13766
4.20034
2.03252
2.07431
3.45968
1.80921
4.90261
2.60929
1.82188
2.89758
1.59577
5.71868
3.11185
4.96134
4.72835
5.49361
4.21881
5.95679
5.32349
2.41342
6.17427
2.3656
2.63547
2.61804
5.96121
1.18928
4.98511
0.751626
4.16776
0.042486
4.4348
5.85787
5.24318
2.20958
3.69734
2.53745
1.36396
0.24758
4.15095
1.11384
5.45383
5.90651
5.26135
0.376025
2.53853
2.10113
5.47784
5.42432
1.97392
3.32353
2.84367
2.56472
2.31618
0.946927
4.80367
3.22626
4.24666
2.93062
5.89791
5.94513
5.51887
2.97075
1.53857
1.4759
1.64517
0.403348
2.4558
0.176339
0.777918
2.55826
3.12596
0.960337
3.89645
4.51705
4.08629
5.30056
6.27118
0.72686
0.381985
3.58298
1.30732
2.69154
4.8412
4.05676
5.61412
2.6489
1.62795
5.4851
6.18597
3.20508
6.21734
5.3301
1.71321
5.2675
0.955347
4.7808
5.69345
5.33084
1.3333
5.8227
2.01697
1.96004
0.571651
1.96637
4.21334
1.04867
0.0240264
3.18224
0.760336
0.86646
0.203296
4.8249
4.89822
4.51893
5.22227
4.68943
1.06951
0.800844
3.23394
5.68173
5.95757
1.32619
2.91734
4.77625
3.93803
2.66719
2.60316
1.41695
3.13531
2.09791
5.03972
0.779892
4.43907
3.61144
5.60155
3.15739
0.00613841
3.42318
2.88531
3.04867
5.52583
3.35831
4.97896
4.51394
0.176593
3.25817
5.63745
5.10158
1.66326
5.63505
4.67296
1.28972
3.89979
3.48226
1.68372
1.40282
4.14228
0.917896
5.7815
4.4756
5.11868
5.13038
5.23288
1.39498
4.0835
5.0081
3.80368
2.86928
2.08057
5.18068
0.270873
5.73145
1.56904
5.9753
4.04066
1.51393
2.62012
5.46852
1.25069
1.83727
2.82093
3.09761
2.37187
3.11026
2.97899
5.62803
2.04087
0.164234
4.60314
0.803752
0.297123
5.78963
4.76339
2.95033
4.91613
0.0653481
4.07866
3.24917
3.40206
6.00112
0.135351
4.67664
5.69358
2.28126
0.416999
1.31854
1.59783
3.82696
4.22203
4.64648
0.533918
0.575181
0.39305
1.01224
2.5517
2.98586
3.61161
1.95833
4.02269
3.90155
1.24445
5.5902
5.66557
0.87495
4.88613
1.87028
4.60479
5.26255
0.224031
1.51478
3.66582
1.05307
5.3063
3.91677
1.57673
3.13531
1.63408
5.03994
2.4691
4.18798
0.893618
5.00694
1.16079
6.22691
0.715651
5.23489
1.79613
3.83943
4.28812
1.07726
3.1703
6.22619
1.66019
3.57833
4.15618
6.25729
3.30271
4.94777
2.18238
5.42132
6.25009
0.00171574
4.78031
4.80103
3.07686
0.18271
1.93096
4.91508
4.01312
3.34963
3.38114
0.379012
2.06321
0.110265
1.66576
4.09138
4.74395
2.89678
5.17219
2.4442
5.52273
5.82485
3.13701
2.46756
0.18743
3.77172
5.57425
3.39294
2.78144
4.1281
1.34059
3.05381
4.18624
2.64337
6.27273
1.55441
0.833076
5.54624
1.62817
4.61174
4.62013
5.27863
0.918176
1.73698
0.451275
0.360146
1.84534
4.90335
0.0305628
2.66446
5.54662
2.78985
0.9818
3.07033
0.341827
1.04249
4.92626
5.96627
5.28511
5.54772
3.73867
1.18171
2.4477
3.29683
2.74143
1.36162
2.79763
3.37091
2.42844
0.212947
5.23715
0.834351
1.43124
2.11269
2.62803
1.83102
0.847965
5.63555
5.62514
4.19378
2.46804
1.04391
0.710499
4.04541
0.493228
0.22924
2.70875
4.94588
3.09352
4.88884
0.900537
4.53687
2.17016
2.23216
0.300299
3.45658
5.81496
4.69375
5.33604
5.57372
4.27622
3.76412
3.18782
0.00996913
0.439591
1.57533
2.35493
0.157899
1.83179
0.806053
0.911209
4.54777
1.07029
3.99831
0.817797
0.124238
6.01409
2.74862
0.788984
3.68279
1.95016
3.12243
4.18862
4.27167
1.50517
2.01642
5.45547
5.08562
2.47434
3.48784
3.91434
5.32615
2.48921
0.373913
4.38168
3.79027
2.14801
4.71536
3.0979
1.27903
3.10823
5.7151
3.25743
1.83974
4.31201
2.42116
4.32223
1.36333
5.79113
6.25399
6.23192
0.334641
2.8197
4.65341
0.555476
2.42486
1.13673
1.24747
6.14048
3.34494
5.56305
0.376719
2.65634
1.44609
0.0370771
5.70237
4.47049
5.55841
0.4031
1.1788
4.25182
0.64066
3.55964
2.92029
0.54233
3.98786
2.74125
1.52275
5.09269
3.89709
5.79239
0.0470754
3.85214
0.0916145
5.83966
0.317085
5.19996
4.85763
0.0605381
1.8954
1.60919
1.44778
2.58568
4.45031
3.97652
4.18861
4.19052
5.25534
0.798196
0.116984
0.705565
0.971125
1.89344
5.62624
4.01387
5.62534
5.45153
1.51978
5.86631
2.10045
3.66872
4.09697
3.9495
5.2464
1.32981
5.64037
4.12352
0.150803
4.30466
5.18954
1.39828
1.37277
3.04155
6.19205
3.42827
4.29428
2.78776
2.19029
2.00912
4.00153
5.46419
5.07175
1.38934
3.73527
1.42322
1.53141
3.286
1.42961
0.1508
5.16289
0.576987
2.44822
1.20103
2.70148
4.60418
4.38518
5.66351
2.53078
1.41198
0.765109
4.57741
5.302
3.91145
5.58953
4.99577
0.799993
1.58728
0.107071
6.07261
2.74244
5.55256
3.27232
0.771007
4.6553
4.98682
5.29605
0.321646
1.69932
0.395699
2.90986
3.73674
5.35289
5.60514
6.23796
1.74448
4.377
3.86114
3.67024
2.46375
0.717387
0.857312
6.13886
3.51112
3.45759
4.35035
3.43842
5.38556
0.491139
2.24129
1.88486
4.68529
6.27507
4.93173
4.73912
5.68167
0.0590044
4.05659
4.20671
2.98297
1.61754
4.09649
1.94292
3.09889
4.08835
1.00896
4.34251
3.65126
4.84203
4.60706
0.882414
0.848755
0.301638
1.02638
4.55616
2.55506
1.49894
5.41334
5.39639
0.024088
6.2623
4.77549
3.04435
2.66382
2.52968
2.12892
1.69564
1.45273
1.88978
2.14831
0.114884
5.40428
1.22422
3.66654
2.6883
4.90834
3.43715
3.81152
5.26288
1.41583
3.48207
2.46871
2.49192
6.20056
0.500361
0.959406
2.10837
1.28782
6.25821
4.37672
2.12753
5.68968
4.94882
1.84589
1.96898
0.969018
2.46655
1.31344
4.7838
1.08021
1.61358
3.1375
3.61968
0.140243
1.08056
0.566258
1.36142
6.1961
1.44893
3.54826
2.81315
3.92671
3.18556
5.53054
1.06155
3.4048
5.52147
1.42038
4.42049
1.45706
5.87105
2.08722
4.06959
1.56372
4.78956
5.72021
3.00155
0.696145
0.0424496
1.25975
2.66184
0.281152
0.818824
1.13535
5.08411
4.04078
1.58949
1.67517
4.66842
1.18947
4.43997
1.24897
2.65254
5.6365
1.94796
5.06289
3.53216
3.93421
5.7026
6.11827
1.28227
0.26381
4.79239
1.65985
3.76855
4.25592
2.23851
0.0957466
4.60403
0.673392
2.89429
1.56782
4.65659
1.5125
1.71227
4.24723
4.96114
4.64189
1.22062
3.96156
0.434359
1.67429
2.16393
6.00362
5.79968
5.519
4.40675
1.03117
6.22
2.51419
4.85353
1.4955
5.63142
2.35512
1.28646
1.90453
0.0727823
1.67415
2.75367
3.48447
5.55335
3.87372
4.02639
4.71379
0.173135
5.28352
6.14932
1.55284
3.02134
2.19988
5.99486
2.51196
3.91062
1.43457
0.046591
2.09884
2.96853
2.12937
4.33821
6.09143
2.32136
4.06167
5.18931
1.24166
4.55282
3.61653
4.74776
3.56478
3.7116
0.69844
3.74157
1.98821
2.86461
2.02469
1.17584
2.25081
3.06655
5.82874
3.77183
2.7182
0.567798
0.673982
6.12522
1.95509
2.25498
4.918
2.11422
0.288278
4.06768
4.37274
1.99236
3.20923
2.26288
5.05335
2.09494
4.06095
2.89315
3.81927
1.21334
0.441774
5.83844
6.24893
1.17931
5.4743
5.45334
4.32517
4.59995
3.53935
5.39108
3.03715
4.02943
3.95524
6.15672
5.59329
0.553994
5.4115
0.326009
1.97016
0.0828957
5.81759
2.37007
2.2731
0.557304
4.20119
1.73234
0.653577
0.849956
4.36453
5.29303
4.59404
5.18474
1.21502
2.39094
0.366816
5.54461
3.91731
4.93236
2.52443
0.0746783
4.78609
